################################################################################
# Symmetry function scaling data.
################################################################################
# Col  Name     Description
################################################################################
# 1    e_index  Element index.
# 2    sf_index Symmetry function index.
# 3    sf_min   Symmetry function minimum.
# 4    sf_max   Symmetry function maximum.
# 5    sf_mean  Symmetry function mean.
# 6    sf_sigma Symmetry function sigma.
#########################################################################################################################
#        1          2                        3                        4                        5                        6
#  e_index   sf_index                   sf_min                   sf_max                  sf_mean                 sf_sigma
#########################################################################################################################
         1          1   1.2041702528713067E-05   5.2805793380037169E-01   1.1419811096146577E-01   6.2678944308173432E-02
         1          2   4.2000812024680784E-01   8.4423282046999470E-01   5.4378807180583610E-01   3.2355170639708074E-02
         1          3   3.5587938509549742E-02   2.1619018212037602E-01   1.0786293232671607E-01   1.2602190489505448E-02
         1          4   0.0000000000000000E+00   1.4852369625889808E-01   4.3282485465309488E-02   2.8122583261656998E-02
         1          5   5.3831554943516348E-06   4.7658955493901217E-01   7.9402958059611298E-02   4.5109909392433610E-02
         1          6   3.4819500699686895E-01   7.4553624234847671E-01   4.4943745171884875E-01   2.6045782465824903E-02
         1          7   0.0000000000000000E+00   1.0609346046725598E-01   2.8244265112251712E-02   1.8534597574087212E-02
         1          8   1.1445812803019006E-06   4.0424355267564299E-01   4.0335057570850104E-02   2.4784868666772941E-02
         1          9   2.6707512869026506E-01   6.0938063686167787E-01   3.3669403536269160E-01   1.8343307808267810E-02
         1         10   1.3101886831703568E-07   3.3367214127331374E-01   1.6312020844894675E-02   1.1506137278675584E-02
         1         11   2.0850436924700164E-01   4.8317918299737184E-01   2.5438647634629780E-01   1.2262014670301637E-02
         1         12   2.7251996508873233E-01   1.0785572586425636E+00   7.0214121803082119E-01   1.8448991642929688E-01
         1         13   1.7408195258037160E+00   2.3566702263066190E+00   2.0181231022382891E+00   9.0757029794850452E-02
         1         14   3.6874307430098213E-01   6.9370849369891763E-01   4.6398368750401503E-01   4.5298438009862024E-02
         1         15   1.7124700343534988E-01   6.4895866393373136E-01   3.5696630078476843E-01   1.2001463424148245E-01
         1         16   1.4253988754777219E-01   8.8847597886231944E-01   4.9054819643698216E-01   1.5600197680272160E-01
         1         17   1.2775009295528588E+00   1.7918457941888124E+00   1.5016929718169265E+00   7.1027124180987292E-02
         1         18   2.6230926601024607E-01   5.4023493985399129E-01   3.4121984163055158E-01   3.6128503913607585E-02
         1         19   9.0418788247837514E-02   4.8633251870770305E-01   2.4223249589426260E-01   9.6966699442742679E-02
         1         20   3.4772026127307364E-02   6.5873004736835139E-01   2.4009742172958479E-01   9.8609114421739155E-02
         1         21   7.2954227284680306E-01   1.1727958760352661E+00   8.7684305623055814E-01   4.3330630946059191E-02
         1         22   1.1714532685272101E-01   3.2747545226844355E-01   1.8643050394534352E-01   2.1250461762872781E-02
         1         23   2.1496549176768860E-02   2.6502171648007861E-01   1.0956402632653753E-01   5.4789695907709386E-02
         1         24   4.6070901201158707E-03   4.9332909275916736E-01   9.3115672977824956E-02   4.6800228069079304E-02
         1         25   3.9954488361635504E-01   7.9271185592084836E-01   4.9441473731674729E-01   2.4569003138902153E-02
         1         26   2.6466714854221267E-03   1.1530019119787462E-01   3.6966688623881687E-02   2.1455964632823517E-02
         1         27   3.4753115804636684E-04   3.8233633926668115E-01   2.9875400728020373E-02   1.8061071680663777E-02
         1         28   2.5420091927905741E-01   5.6825239462558030E-01   3.1026138638293937E-01   1.4644041426830654E-02
         1         29   1.4139005379309486E-01   3.1913555156904716E-01   1.7823690481957419E-01   7.6305607609337394E-03
         1         30   4.8061000200247707E-03   1.9023157254963061E-01   4.3290748913530394E-02   1.8658395912442238E-02
         1         31   4.8061000200247707E-03   1.9023157254963061E-01   4.3290748913530394E-02   1.8658395912442238E-02
         1         32   3.0752306951295633E-02   3.3373333176081349E-01   1.2743045772722522E-01   4.3680168409757560E-02
         1         33   3.0752306951295633E-02   3.3373333176081349E-01   1.2743045772722522E-01   4.3680168409757560E-02
         1         34   1.0576185035840305E-01   2.1560688216571502E-01   1.4409939453483012E-01   1.6354797218093541E-02
         1         35   1.6089064548911004E-02   1.5792964319543665E-01   6.7527959274181579E-02   3.3546741086349550E-02
         1         36   1.6089064548911004E-02   1.5792964319543665E-01   6.7527959274181579E-02   3.3546741086349550E-02
         1         37   2.7137158875557288E-02   2.5770195737106788E-01   1.0328210890243644E-01   3.4087658989750247E-02
         1         38   2.7137158875557288E-02   2.5770195737106788E-01   1.0328210890243644E-01   3.4087658989750247E-02
         1         39   1.4255749349080691E-02   1.2989914671164057E-01   5.8300355540793054E-02   2.7427960059567255E-02
         1         40   1.4255749349080691E-02   1.2989914671164057E-01   5.8300355540793054E-02   2.7427960059567255E-02
         1         41   5.7735583490148448E-06   4.5203815026854949E-01   6.6359268182981851E-02   3.7921316827996550E-02
         1         42   5.7735583490148448E-06   4.5203815026854949E-01   6.6359268182981851E-02   3.7921316827996550E-02
         1         43   4.3821965300970364E-02   3.5491769574124737E-01   1.2326088203961634E-01   2.1476611114720982E-02
         1         44   0.0000000000000000E+00   9.7482117424149875E-02   2.9045014586798659E-02   1.7915271315182137E-02
         1         45   0.0000000000000000E+00   9.7482117424149875E-02   2.9045014586798659E-02   1.7915271315182137E-02
         1         46   7.7155248853003338E-06   4.3956952737914168E-01   5.6777674207551150E-02   3.1175587478728416E-02
         1         47   7.7155248853003338E-06   4.3956952737914168E-01   5.6777674207551150E-02   3.1175587478728416E-02
         1         48   4.7073981394007140E-02   2.0701348493138053E-01   8.8828728514325897E-02   1.4493176889191257E-02
         1         49   0.0000000000000000E+00   8.8420861359788466E-02   1.8872701439474508E-02   1.4289870414667505E-02
         1         50   0.0000000000000000E+00   8.8420861359788466E-02   1.8872701439474508E-02   1.4289870414667505E-02
         1         51   4.1273019488990892E-06   3.1534409197656771E-01   4.2860489500471888E-02   2.6105154716637564E-02
         1         52   4.1273019488990892E-06   3.1534409197656771E-01   4.2860489500471888E-02   2.6105154716637564E-02
         1         53   2.5310474958364287E-02   2.5310662958406471E-01   8.8513149476471223E-02   1.6790671773040052E-02
         1         54   6.0692684851845782E-06   3.0287546908715979E-01   3.3278895525041208E-02   1.8362793468889530E-02
         1         55   6.0692684851845782E-06   3.0287546908715979E-01   3.3278895525041208E-02   1.8362793468889530E-02
         1         56   2.9294880445223279E-07   2.4655398010937010E-01   1.5851084954296029E-02   1.0617680463778905E-02
         1         57   2.9294880445223279E-07   2.4655398010937010E-01   1.5851084954296029E-02   1.0617680463778905E-02
         1         58   2.2704684281366267E-07   1.7521311300153095E-01   1.0565157405238636E-02   7.9578302495823313E-03
         1         59   2.2704684281366267E-07   1.7521311300153095E-01   1.0565157405238636E-02   7.9578302495823313E-03
         1         60   3.2164368959147337E-02   5.6454247897875542E-01   2.5810096667508320E-01   1.1190266746520643E-01
         1         61   5.6365161379869555E-01   2.4702401755489101E+00   1.4056322814273816E+00   3.4622345433734592E-01
         1         62   5.6365161379869555E-01   2.4702401755489101E+00   1.4056322814273816E+00   3.4622345433734592E-01
         1         63   1.0752207795955894E-01   7.5758034158283938E-01   3.1821536544682533E-01   9.2928362658090666E-02
         1         64   1.0752207795955894E-01   7.5758034158283938E-01   3.1821536544682533E-01   9.2928362658090666E-02
         1         65   1.2853608822559603E-01   4.4274582748498092E-01   2.3723022966195048E-01   3.1795475466666161E-02
         1         66   1.2853608822559603E-01   4.4274582748498092E-01   2.3723022966195048E-01   3.1795475466666161E-02
         1         67   1.4295963113210137E+00   2.7505097019909148E+00   1.9958739023707652E+00   1.8843264915299979E-01
         1         68   5.9784953941257346E-01   1.5662621226431668E+00   8.6289827356081161E-01   1.3251575830001966E-01
         1         69   5.9784953941257346E-01   1.5662621226431668E+00   8.6289827356081161E-01   1.3251575830001966E-01
         1         70   3.3106839594963550E-01   1.4624879992229349E+00   7.7250321424909629E-01   2.8058175832051180E-01
         1         71   3.3106839594963550E-01   1.4624879992229349E+00   7.7250321424909629E-01   2.8058175832051180E-01
         1         72   3.4177018809789746E-02   2.2568809477417590E-01   7.1384017014552104E-02   2.5535089273496476E-02
         1         73   9.7926873782901630E-02   3.8075051837002394E-01   2.1322194225562488E-01   6.2506038369171568E-02
         1         74   9.7926873782901630E-02   3.8075051837002394E-01   2.1322194225562488E-01   6.2506038369171568E-02
         1         75   1.1794292280415843E-02   2.0144655878468989E-01   5.4432822658708219E-02   5.0249034009461083E-02
         1         76   3.0244398386330727E-02   4.4788012334753141E-01   2.0342297735847994E-01   8.2334529780883958E-02
         1         77   5.8364875373833591E-01   2.4332657511794027E+00   1.4029740722024437E+00   3.3876914644581896E-01
         1         78   5.8364875373833591E-01   2.4332657511794027E+00   1.4029740722024437E+00   3.3876914644581896E-01
         1         79   1.1457369515258409E-01   6.5658135039974075E-01   3.2999555758938565E-01   8.3751827673579735E-02
         1         80   1.1457369515258409E-01   6.5658135039974075E-01   3.2999555758938565E-01   8.3751827673579735E-02
         1         81   9.9601770418666108E-02   3.2712556828257017E-01   2.2197995290596609E-01   2.7890898699428460E-02
         1         82   9.9601770418666108E-02   3.2712556828257017E-01   2.2197995290596609E-01   2.7890898699428460E-02
         1         83   1.3739001605967969E+00   2.4767525661052772E+00   1.8196243727094057E+00   1.7314602006294061E-01
         1         84   7.4714307961450199E-01   1.5927094160220765E+00   1.0141394873512235E+00   1.1424842807146765E-01
         1         85   7.4714307961450199E-01   1.5927094160220765E+00   1.0141394873512235E+00   1.1424842807146765E-01
         1         86   2.9027603763886028E-01   1.3798386281818251E+00   6.8581078016796237E-01   2.7579947340446853E-01
         1         87   2.9027603763886028E-01   1.3798386281818251E+00   6.8581078016796237E-01   2.7579947340446853E-01
         1         88   5.0592595370735668E-02   2.4452634559547617E-01   1.1867069116396112E-01   5.8687734464640873E-02
         1         89   5.0592595370735668E-02   2.4452634559547617E-01   1.1867069116396112E-01   5.8687734464640873E-02
         1         90   1.0777189182972316E-02   1.5160000185425915E-01   5.8460885223834087E-02   3.7363683088437703E-02
         1         91   2.0701326439008492E-02   4.2335644542670597E-01   1.8174229566420394E-01   7.8082580241649643E-02
         1         92   3.6377338010484744E-01   1.6792574208784266E+00   9.1600806645751887E-01   2.2640995737455064E-01
         1         93   3.6377338010484744E-01   1.6792574208784266E+00   9.1600806645751887E-01   2.2640995737455064E-01
         1         94   5.9229532260866483E-02   5.2610098704108377E-01   2.0594538954684641E-01   6.5836482910527822E-02
         1         95   5.9229532260866483E-02   5.2610098704108377E-01   2.0594538954684641E-01   6.5836482910527822E-02
         1         96   7.5383552980636467E-02   3.0843357936032739E-01   1.4873835854496892E-01   2.5290224919920574E-02
         1         97   7.5383552980636467E-02   3.0843357936032739E-01   1.4873835854496892E-01   2.5290224919920574E-02
         1         98   9.5118632795515634E-01   1.8387432150020682E+00   1.3432155916062374E+00   1.2271750438231202E-01
         1         99   3.8193021320890702E-01   1.0703463025828845E+00   5.6386461725704229E-01   9.1305810967043169E-02
         1        100   3.8193021320890702E-01   1.0703463025828845E+00   5.6386461725704229E-01   9.1305810967043169E-02
         1        101   2.2226899480102752E-01   9.8674280045448048E-01   5.4200245657077850E-01   1.8519159628580689E-01
         1        102   2.2226899480102752E-01   9.8674280045448048E-01   5.4200245657077850E-01   1.8519159628580689E-01
         1        103   1.4138679734633716E-02   1.6448342248503001E-01   3.8516760164320298E-02   1.8792462901014346E-02
         1        104   6.2177443979470746E-02   2.8278348272873177E-01   1.5926681691286246E-01   4.3307466091522522E-02
         1        105   6.2177443979470746E-02   2.8278348272873177E-01   1.5926681691286246E-01   4.3307466091522522E-02
         1        106   7.6598820226067765E-03   1.4528174120047962E-01   3.5083664842873737E-02   3.4929726286414678E-02
         1        107   2.1021649329761954E-02   2.8481031987793376E-01   1.2706430634760069E-01   4.8501667152261257E-02
         1        108   3.8945346597093955E-01   1.6422829965089198E+00   9.1334985723258066E-01   2.1750163553317733E-01
         1        109   3.8945346597093955E-01   1.6422829965089198E+00   9.1334985723258066E-01   2.1750163553317733E-01
         1        110   7.6832083318383454E-02   4.3468280616594895E-01   2.1772558168940681E-01   5.4449405733509620E-02
         1        111   7.6832083318383454E-02   4.3468280616594895E-01   2.1772558168940681E-01   5.4449405733509620E-02
         1        112   4.8497488320989615E-02   2.1233682169970042E-01   1.3348808178898447E-01   1.9325398690090739E-02
         1        113   4.8497488320989615E-02   2.1233682169970042E-01   1.3348808178898447E-01   1.9325398690090739E-02
         1        114   8.9287339801471621E-01   1.5649860791164361E+00   1.1669660619448783E+00   1.0643380697620460E-01
         1        115   5.3059321320389352E-01   1.0810628170500776E+00   7.1510583104745451E-01   7.2535611388596266E-02
         1        116   5.3059321320389352E-01   1.0810628170500776E+00   7.1510583104745451E-01   7.2535611388596266E-02
         1        117   1.8651935991803123E-01   9.0720598666888197E-01   4.5531002248964408E-01   1.7979495770056161E-01
         1        118   1.8651935991803123E-01   9.0720598666888197E-01   4.5531002248964408E-01   1.7979495770056161E-01
         1        119   2.3394672967513200E-02   1.4642712150475692E-01   6.4715565821198653E-02   3.8283091372362257E-02
         1        120   2.3394672967513200E-02   1.4642712150475692E-01   6.4715565821198653E-02   3.8283091372362257E-02
         1        121   7.7070877539450701E-03   9.3805838454734267E-02   3.9111727407999626E-02   2.1759527343280419E-02
         1        122   5.7403927943161775E-04   2.0179857956429562E-01   3.1610892806791795E-02   1.8134060770814614E-02
         1        123   2.9468211792182539E-02   7.8178473533468351E-01   2.1281939415993217E-01   8.8013464603913225E-02
         1        124   2.9468211792182539E-02   7.8178473533468351E-01   2.1281939415993217E-01   8.8013464603913225E-02
         1        125   5.1766680763781960E-03   2.3152198857497205E-01   4.5348638738642262E-02   2.1096386069766826E-02
         1        126   5.1766680763781960E-03   2.3152198857497205E-01   4.5348638738642262E-02   2.1096386069766826E-02
         1        127   2.0753336863558300E-01   6.8464123670064170E-01   3.5251275590017211E-01   4.1683571336943372E-02
         1        128   7.4983508175145444E-02   3.9592029958892366E-01   1.3276728201043275E-01   2.7256738588773720E-02
         1        129   7.4983508175145444E-02   3.9592029958892366E-01   1.3276728201043275E-01   2.7256738588773720E-02
         1        130   1.8232136866632293E-02   2.7063336648104391E-01   1.1064441053780276E-01   5.4724051395041273E-02
         1        131   1.8232136866632293E-02   2.7063336648104391E-01   1.1064441053780276E-01   5.4724051395041273E-02
         1        132   3.3189078354790846E-02   7.6332703061355256E-01   2.0340808987426431E-01   8.0776416683080041E-02
         1        133   3.3189078354790846E-02   7.6332703061355256E-01   2.0340808987426431E-01   8.0776416683080041E-02
         1        134   2.1393075551962432E-01   4.9615540869579755E-01   3.0018753307320445E-01   3.4239199011849027E-02
         1        135   1.3030482234403071E-01   3.6710436667781110E-01   1.9514619615898332E-01   2.3683270323023548E-02
         1        136   1.3030482234403071E-01   3.6710436667781110E-01   1.9514619615898332E-01   2.3683270323023548E-02
         1        137   1.5691062882714626E-02   2.4579657635541169E-01   8.4592382198375837E-02   5.0321956771692815E-02
         1        138   1.5691062882714626E-02   2.4579657635541169E-01   8.4592382198375837E-02   5.0321956771692815E-02
         1        139   1.9371597489830399E-02   5.3974274534160604E-01   1.3703531102782793E-01   5.8059568844715179E-02
         1        140   1.9371597489830399E-02   5.3974274534160604E-01   1.3703531102782793E-01   5.8059568844715179E-02
         1        141   2.7417817159926822E-03   1.6922728967758252E-01   2.9295022006868073E-02   1.4925785980353925E-02
         1        142   2.7417817159926822E-03   1.6922728967758252E-01   2.9295022006868073E-02   1.4925785980353925E-02
         1        143   1.3119248841336592E-01   4.7475901679300198E-01   2.4273715322347361E-01   2.9065862716070440E-02
         1        144   4.5535104489379620E-02   2.8295952494350796E-01   8.4998812450164246E-02   1.8315887096462407E-02
         1        145   4.5535104489379620E-02   2.8295952494350796E-01   8.4998812450164246E-02   1.8315887096462407E-02
         1        146   1.2091792892310892E-02   1.8167075598750976E-01   8.1279999753672533E-02   3.6419488283017568E-02
         1        147   1.2091792892310892E-02   1.8167075598750976E-01   8.1279999753672533E-02   3.6419488283017568E-02
         1        148   2.3092464052438665E-02   5.2128504062047598E-01   1.2762400674216001E-01   4.9630296241076531E-02
         1        149   2.3092464052438665E-02   5.2128504062047598E-01   1.2762400674216001E-01   4.9630296241076531E-02
         1        150   1.3934908781399699E-01   2.8671926620821631E-01   1.9041193039650597E-01   1.9691469287194941E-02
         1        151   9.5096356864431769E-02   2.5414359203239512E-01   1.4737772659871476E-01   1.4621490230927067E-02
         1        152   9.5096356864431769E-02   2.5414359203239512E-01   1.4737772659871476E-01   1.4621490230927067E-02
         1        153   9.5507189083932058E-03   1.5683396586187773E-01   5.5227971414245611E-02   3.1583529996992890E-02
         1        154   9.5507189083932058E-03   1.5683396586187773E-01   5.5227971414245611E-02   3.1583529996992890E-02
         1        155   7.3799513210871969E-05   2.1442235599066109E-01   1.0866714639469905E-02   7.2904453872679187E-03
         1        156   7.3799513210871969E-05   2.1442235599066109E-01   1.0866714639469905E-02   7.2904453872679187E-03
         2          1   3.1877545920590493E-02   7.6497010036264868E-01   2.4168358746926052E-01   1.2760200976950709E-01
         2          2   2.3219240723306292E-01   4.5137248381171724E-01   3.2616053654278981E-01   4.1277326333561140E-02
         2          3   0.0000000000000000E+00   2.8868921831811833E-01   1.6708573405247359E-01   1.1502502562024551E-01
         2          4   1.3819344173174420E-06   3.5104227498521484E-01   1.5303981797503100E-01   1.3574395720375984E-01
         2          5   1.8658384306517908E-02   7.0302931408706226E-01   1.9974997854171059E-01   1.2058102996019471E-01
         2          6   1.5856586165738343E-01   3.2650506246762206E-01   2.3063718092460969E-01   3.0554369174989680E-02
         2          7   0.0000000000000000E+00   2.4797097298321058E-01   1.4029318734263921E-01   9.7565365168609752E-02
         2          8   6.0989843505485408E-07   3.1389629422278742E-01   1.3193802286252954E-01   1.2071709064985291E-01
         2          9   6.7090744936777989E-03   6.0786974489680856E-01   1.4964179349452955E-01   1.1100884165902632E-01
         2         10   7.5399764342235609E-02   1.8860879525208199E-01   1.1991701199519551E-01   1.7333633772357311E-02
         2         11   0.0000000000000000E+00   1.8637823117691091E-01   1.0090512840752242E-01   7.1037061203966759E-02
         2         12   1.2651060999867850E-07   2.5365191937556958E-01   1.0108160547764464E-01   9.5879976191495131E-02
         2         13   1.6248216910937628E-03   5.0630622162832029E-01   1.1306065615391016E-01   1.0068816151717580E-01
         2         14   0.0000000000000000E+00   1.2584004494533454E-01   6.4055720407263386E-02   4.5513500667311128E-02
         2         15   1.3987904394802404E-08   1.8852596049779174E-01   7.1126171600599322E-02   6.8989807009855797E-02
         2         16   1.9327305965299704E-07   1.8067133227199295E-01   4.5718133352987148E-02   5.0836921182948004E-02
         2         17   5.1702094514239782E-11   8.6823141913767915E-02   2.3657393843984492E-02   2.6655598725131385E-02
         2         18   5.6269727090057386E-01   1.4668048250060863E+00   8.9694360099479520E-01   1.7257929565385235E-01
         2         19   1.4505495482344417E+00   1.9782359932147187E+00   1.7225004967386468E+00   9.2366050627888677E-02
         2         20   1.7088262462895451E-01   6.8861434235368479E-01   4.8264935267966796E-01   1.7912979607049551E-01
         2         21   1.5956253415481098E-01   7.3893701482678387E-01   4.6049894976397882E-01   1.8551220790359360E-01
         2         22   3.6567599601653455E-01   1.2240525222717964E+00   6.6741909858530057E-01   1.6421493861207664E-01
         2         23   1.0041217451707971E+00   1.4348651672388735E+00   1.2244028970455891E+00   8.1536450810932373E-02
         2         24   8.8625109764951818E-02   5.5224840179009482E-01   3.7112688322629384E-01   1.6869190401251533E-01
         2         25   8.6133251156372881E-02   6.0652849831902622E-01   3.5195624213673171E-01   1.7783015714808861E-01
         2         26   1.4607607921971336E-01   9.4559398633461322E-01   3.8970802499135909E-01   1.4484100586453466E-01
         2         27   4.9175477779675175E-01   7.7814674032405318E-01   6.2487529364035377E-01   5.6334437767092675E-02
         2         28   2.1179210623181757E-02   3.8005879902175382E-01   2.3600267796154567E-01   1.3747482961265212E-01
         2         29   2.2056631601397803E-02   4.4342645824075705E-01   2.2247305860643996E-01   1.5406042242760079E-01
         2         30   3.8169482663890433E-02   7.3612493539028012E-01   2.1973988325188765E-01   1.2605603254868730E-01
         2         31   1.8863249692366071E-01   3.4674475003086364E-01   2.5689345139652320E-01   2.9628413966774892E-02
         2         32   2.4935751007021988E-03   2.5163290209937828E-01   1.4319760729421413E-01   9.5570075781786223E-02
         2         33   2.9602672220120623E-03   3.2194966580890294E-01   1.3904281980966218E-01   1.1943035334320834E-01
         2         34   6.8206943710987702E-03   5.7972186022171845E-01   1.3789394950352860E-01   1.1117023387163898E-01
         2         35   1.5044680879013181E-04   1.5673716550168024E-01   8.2239125053506640E-02   5.7674603238680504E-02
         2         36   2.0060596100576419E-04   2.2520844843556451E-01   8.7728081086339726E-02   8.2934620513031507E-02
         2         37   1.0981170917244688E-04   3.5632715182434205E-01   7.9216402142032946E-02   8.3354242376557031E-02
         2         38   2.9351428012996265E-07   9.6326429219597123E-02   3.2745086725127624E-02   3.2160001024545151E-02
         2         39   3.4760815445339775E-08   1.5233825326064090E-01   3.9581071664409072E-02   4.4277960968821417E-02
         2         40   1.3691486058131948E-02   1.3134811018526774E-01   4.9349352994821218E-02   2.1170663934892874E-02
         2         41   1.3691486058131948E-02   1.3134811018526774E-01   4.9349352994821218E-02   2.1170663934892874E-02
         2         42   6.3639743059909964E-02   3.5042811506684135E-01   1.3983297144255746E-01   3.0272766976342892E-02
         2         43   6.3639743059909964E-02   3.5042811506684135E-01   1.3983297144255746E-01   3.0272766976342892E-02
         2         44   1.7125772751505751E-02   1.5965244485516197E-01   1.0260794187108210E-01   5.0910953144779482E-02
         2         45   1.7125772751505751E-02   1.5965244485516197E-01   1.0260794187108210E-01   5.0910953144779482E-02
         2         46   1.6809029483001170E-02   1.6057267862176985E-01   8.8975948388065343E-02   4.7393982984913437E-02
         2         47   1.6809029483001170E-02   1.6057267862176985E-01   8.8975948388065343E-02   4.7393982984913437E-02
         2         48   5.4028802916466744E-02   2.8772924412136791E-01   1.1431688588031272E-01   2.3367221495356989E-02
         2         49   5.4028802916466744E-02   2.8772924412136791E-01   1.1431688588031272E-01   2.3367221495356989E-02
         2         50   1.5498418619494877E-02   1.3300812183510460E-01   8.6227057039948915E-02   4.1633770536445368E-02
         2         51   1.5498418619494877E-02   1.3300812183510460E-01   8.6227057039948915E-02   4.1633770536445368E-02
         2         52   1.5068602650570299E-02   1.3532051819798319E-01   7.5890235463689060E-02   3.9594142028688009E-02
         2         53   1.5068602650570299E-02   1.3532051819798319E-01   7.5890235463689060E-02   3.9594142028688009E-02
         2         54   9.4577833405941700E-03   2.5615141674330216E-01   8.8174161509501733E-02   4.8462254030740538E-02
         2         55   9.4577833405941700E-03   2.5615141674330216E-01   8.8174161509501733E-02   4.8462254030740538E-02
         2         56   0.0000000000000000E+00   1.9610447797334535E-01   6.3450738740449000E-02   6.2450562134598007E-02
         2         57   0.0000000000000000E+00   1.9610447797334535E-01   6.3450738740449000E-02   6.2450562134598007E-02
         2         58   5.5128652898887599E-07   1.2387072873412654E-01   2.7020234713752471E-02   2.7617914919521772E-02
         2         59   5.5128652898887599E-07   1.2387072873412654E-01   2.7020234713752471E-02   2.7617914919521772E-02
         2         60   2.4622678198862064E-02   1.0082735746166863E-01   5.1250195077128871E-02   1.5139173383397164E-02
         2         61   0.0000000000000000E+00   1.1202247400842066E-01   4.9511120692390234E-02   3.6090429325395697E-02
         2         62   0.0000000000000000E+00   1.1202247400842066E-01   4.9511120692390234E-02   3.6090429325395697E-02
         2         63   3.5898197544084943E-07   1.1775196876618600E-01   4.8114923179077888E-02   3.9847104748631228E-02
         2         64   3.5898197544084943E-07   1.1775196876618600E-01   4.8114923179077888E-02   3.9847104748631228E-02
         2         65   0.0000000000000000E+00   8.0004595293817732E-02   1.7102661577436895E-02   2.7455586684991731E-02
         2         66   0.0000000000000000E+00   8.0004595293817732E-02   1.7102661577436895E-02   2.7455586684991731E-02
         2         67   1.8306530698126964E-04   2.3122257473779698E-01   1.7444519731724503E-02   1.7438884845347565E-02
         2         68   8.1094450952382251E-03   3.3592187023972198E-01   6.4257643939737735E-02   2.8059719633508545E-02
         2         69   8.1094450952382251E-03   3.3592187023972198E-01   6.4257643939737735E-02   2.8059719633508545E-02
         2         70   0.0000000000000000E+00   1.1626193419507297E-01   3.0971432426608009E-02   2.6167811054348587E-02
         2         71   0.0000000000000000E+00   1.1626193419507297E-01   3.0971432426608009E-02   2.6167811054348587E-02
         2         72   2.8300396588641788E-07   7.6403149928122416E-02   1.8871712151306504E-02   1.7398393341842320E-02
         2         73   2.8300396588641788E-07   7.6403149928122416E-02   1.8871712151306504E-02   1.7398393341842320E-02
         2         74   0.0000000000000000E+00   1.1902663804254363E-01   6.3760603515344488E-02   4.4291955944606810E-02
         2         75   0.0000000000000000E+00   1.1902663804254363E-01   6.3760603515344488E-02   4.4291955944606810E-02
         2         76   4.1743197829427489E-07   1.2925854818732177E-01   5.1615296312619414E-02   4.4610769341727828E-02
         2         77   4.1743197829427489E-07   1.2925854818732177E-01   5.1615296312619414E-02   4.4610769341727828E-02
         2         78   6.3451681899950006E-03   1.6316185587885965E-01   6.2551935216023175E-02   3.6735982532310370E-02
         2         79   6.3451681899950006E-03   1.6316185587885965E-01   6.2551935216023175E-02   3.6735982532310370E-02
         2         80   0.0000000000000000E+00   1.4710387877896253E-01   4.6848121784408940E-02   4.7486250685239352E-02
         2         81   0.0000000000000000E+00   1.4710387877896253E-01   4.6848121784408940E-02   4.7486250685239352E-02
         2         82   3.7680183236689684E-07   8.8090608737015810E-02   1.7825618919215646E-02   1.8662794879658377E-02
         2         83   3.7680183236689684E-07   8.8090608737015810E-02   1.7825618919215646E-02   1.8662794879658377E-02
         2         84   0.0000000000000000E+00   7.6279322115810205E-02   3.1969457194690673E-02   2.3898102255019264E-02
         2         85   0.0000000000000000E+00   7.6279322115810205E-02   3.1969457194690673E-02   2.3898102255019264E-02
         2         86   1.8698794203743569E-07   8.8508888495741650E-02   3.4579990464956842E-02   2.8860337151818682E-02
         2         87   1.8698794203743569E-07   8.8508888495741650E-02   3.4579990464956842E-02   2.8860337151818682E-02
         2         88   4.9968299446390601E-03   2.5073414487907270E-01   3.8635417646259163E-02   1.6407136313328876E-02
         2         89   4.9968299446390601E-03   2.5073414487907270E-01   3.8635417646259163E-02   1.6407136313328876E-02
         2         90   0.0000000000000000E+00   8.6127048258071034E-02   4.6218940017644948E-02   3.2093063223475410E-02
         2         91   0.0000000000000000E+00   8.6127048258071034E-02   4.6218940017644948E-02   3.2093063223475410E-02
         2         92   2.7652923804390827E-07   9.8090751060469078E-02   3.8080363598498361E-02   3.3739810900421115E-02
         2         93   2.7652923804390827E-07   9.8090751060469078E-02   3.8080363598498361E-02   3.3739810900421115E-02
         2         94   0.0000000000000000E+00   8.5166714185279616E-02   2.8523313220995637E-02   3.0336457052477395E-02
         2         95   0.0000000000000000E+00   8.5166714185279616E-02   2.8523313220995637E-02   3.0336457052477395E-02
         2         96   1.4512671755464923E-01   9.8225632898000093E-01   3.7451260225717092E-01   1.4451081583720310E-01
         2         97   8.6690839207039105E-01   2.7610563285457759E+00   1.5774847985233136E+00   3.0369243251753769E-01
         2         98   8.6690839207039105E-01   2.7610563285457759E+00   1.5774847985233136E+00   3.0369243251753769E-01
         2         99   1.1356797230915068E-01   1.0083781679492676E+00   4.7305650358093188E-01   2.4686084192176352E-01
         2        100   1.1356797230915068E-01   1.0083781679492676E+00   4.7305650358093188E-01   2.4686084192176352E-01
         2        101   1.7489765127376566E-01   7.8625772394549487E-01   4.1963009329264422E-01   1.5390967628388855E-01
         2        102   1.7489765127376566E-01   7.8625772394549487E-01   4.1963009329264422E-01   1.5390967628388855E-01
         2        103   1.0303625146270345E+00   1.9506737862273476E+00   1.4758889572085094E+00   1.6509318080708202E-01
         2        104   2.3635081774149802E-01   1.2576183755496251E+00   8.1505303096404635E-01   3.2103674367126106E-01
         2        105   2.3635081774149802E-01   1.2576183755496251E+00   8.1505303096404635E-01   3.2103674367126106E-01
         2        106   2.4496432906047419E-01   1.2849307515421999E+00   7.8511948170803747E-01   2.9626556820769506E-01
         2        107   2.4496432906047419E-01   1.2849307515421999E+00   7.8511948170803747E-01   2.9626556820769506E-01
         2        108   1.1924512773563257E-02   2.0546807848891135E-01   1.0416384776533850E-01   5.6828132389150819E-02
         2        109   9.0127415778104555E-02   4.5768131763039133E-01   2.2286186434554273E-01   1.1417806226372766E-01
         2        110   9.0127415778104555E-02   4.5768131763039133E-01   2.2286186434554273E-01   1.1417806226372766E-01
         2        111   1.2417480428204373E-02   2.5608271609783945E-01   9.7823880987135417E-02   7.7004775643591261E-02
         2        112   1.2202049300424167E-01   8.8507535700735918E-01   3.4175240656685241E-01   1.3592084446026481E-01
         2        113   8.3022370731382233E-01   2.7407855748698675E+00   1.5024758357548502E+00   2.6250865165833109E-01
         2        114   8.3022370731382233E-01   2.7407855748698675E+00   1.5024758357548502E+00   2.6250865165833109E-01
         2        115   9.8352906646389016E-02   8.6534616497234418E-01   4.1422027641111453E-01   1.7968605702023283E-01
         2        116   9.8352906646389016E-02   8.6534616497234418E-01   4.1422027641111453E-01   1.7968605702023283E-01
         2        117   1.6019024789392181E-01   6.2906800040736888E-01   3.5595191449898128E-01   1.0370483680619783E-01
         2        118   1.6019024789392181E-01   6.2906800040736888E-01   3.5595191449898128E-01   1.0370483680619783E-01
         2        119   9.3944181721386921E-01   1.7586973470167786E+00   1.3265590630649158E+00   1.3962186182854944E-01
         2        120   2.6707673137199667E-01   1.3127043731549644E+00   8.6998785501878462E-01   3.4492706919375837E-01
         2        121   2.6707673137199667E-01   1.3127043731549644E+00   8.6998785501878462E-01   3.4492706919375837E-01
         2        122   2.4913255450618405E-01   1.3321505160026847E+00   7.9536330206841765E-01   3.1723594778079212E-01
         2        123   2.4913255450618405E-01   1.3321505160026847E+00   7.9536330206841765E-01   3.1723594778079212E-01
         2        124   1.0206019307649012E-02   1.6036248813891374E-01   8.9363127738974424E-02   4.9944003089467510E-02
         2        125   9.4453423325993172E-02   2.4415126825358976E-01   1.6685279044170995E-01   3.1597088350809543E-02
         2        126   9.4453423325993172E-02   2.4415126825358976E-01   1.6685279044170995E-01   3.1597088350809543E-02
         2        127   7.9418107038330445E-03   1.6006873891694065E-01   8.0569403656609626E-02   4.6081430291691088E-02
         2        128   9.3325520747274224E-02   6.3332518617542322E-01   2.4624708862776493E-01   9.4403694968616531E-02
         2        129   5.7635218597029936E-01   1.8470587864119370E+00   1.0588286943791150E+00   2.1131501480857973E-01
         2        130   5.7635218597029936E-01   1.8470587864119370E+00   1.0588286943791150E+00   2.1131501480857973E-01
         2        131   8.1398892536848469E-02   7.0487697447812481E-01   3.2183674380002147E-01   1.7523349074476122E-01
         2        132   8.1398892536848469E-02   7.0487697447812481E-01   3.2183674380002147E-01   1.7523349074476122E-01
         2        133   1.1148762990668339E-01   5.4016689843515964E-01   2.8190068833651227E-01   1.0456042453917549E-01
         2        134   1.1148762990668339E-01   5.4016689843515964E-01   2.8190068833651227E-01   1.0456042453917549E-01
         2        135   6.8693552221725906E-01   1.3004431151770020E+00   9.8519399937744689E-01   1.1068010730467992E-01
         2        136   1.5156922399537823E-01   8.4238450631482198E-01   5.4234868604178199E-01   2.1494369668170113E-01
         2        137   1.5156922399537823E-01   8.4238450631482198E-01   5.4234868604178199E-01   2.1494369668170113E-01
         2        138   1.5927188120173846E-01   8.7083605887090942E-01   5.3081048177371437E-01   2.0200451724182278E-01
         2        139   1.5927188120173846E-01   8.7083605887090942E-01   5.3081048177371437E-01   2.0200451724182278E-01
         2        140   8.6749274353002861E-03   1.4328466130257536E-01   6.8844768784276644E-02   3.5929580244983571E-02
         2        141   4.9318906269310354E-02   3.4267008198099691E-01   1.5225380050550050E-01   9.3489565803958521E-02
         2        142   4.9318906269310354E-02   3.4267008198099691E-01   1.5225380050550050E-01   9.3489565803958521E-02
         2        143   9.8394605177704181E-03   2.1838770834149951E-01   7.0011051317336662E-02   6.4246064404112235E-02
         2        144   7.3118615880099602E-02   5.5132781642963813E-01   2.1348689293744652E-01   8.4597271292024254E-02
         2        145   5.3966750121373264E-01   1.8389448678805860E+00   9.8381973161065128E-01   1.7016099576521826E-01
         2        146   5.3966750121373264E-01   1.8389448678805860E+00   9.8381973161065128E-01   1.7016099576521826E-01
         2        147   6.6183826874086832E-02   5.6979722091137119E-01   2.6300051663020424E-01   1.0742583351170523E-01
         2        148   6.6183826874086832E-02   5.6979722091137119E-01   2.6300051663020424E-01   1.0742583351170523E-01
         2        149   9.3930673001943105E-02   3.7223894045914591E-01   2.1822250954284925E-01   5.2924130238735725E-02
         2        150   9.3930673001943105E-02   3.7223894045914591E-01   2.1822250954284925E-01   5.2924130238735725E-02
         2        151   5.9601482480409562E-01   1.1088103995162188E+00   8.3586410523385413E-01   8.5214718245176083E-02
         2        152   1.7911208357575989E-01   8.9936448303943206E-01   5.9728351009651981E-01   2.3882446276798319E-01
         2        153   1.7911208357575989E-01   8.9936448303943206E-01   5.9728351009651981E-01   2.3882446276798319E-01
         2        154   1.6768008133539261E-01   9.1680029656514039E-01   5.4105430213409489E-01   2.2379221056488274E-01
         2        155   1.6768008133539261E-01   9.1680029656514039E-01   5.4105430213409489E-01   2.2379221056488274E-01
         2        156   7.5488649161280863E-03   9.6736521415325710E-02   5.4044048757912473E-02   2.8836218536172745E-02
         2        157   5.5086323329288270E-02   1.4179456641881194E-01   9.6244726601667704E-02   1.6010884494194976E-02
         2        158   5.5086323329288270E-02   1.4179456641881194E-01   9.6244726601667704E-02   1.6010884494194976E-02
         2        159   5.9313319250366764E-03   9.9477290286242984E-02   5.2756573986810842E-02   2.9498364829712204E-02
         2        160   8.9190483918727154E-03   3.2734897898884291E-01   6.3042969669653448E-02   4.2265109447018494E-02
         2        161   7.8246286627761452E-02   6.1208770095347986E-01   2.5784860514500313E-01   9.8525923660550283E-02
         2        162   7.8246286627761452E-02   6.1208770095347986E-01   2.5784860514500313E-01   9.8525923660550283E-02
         2        163   4.2086979078759844E-03   3.3501917870917386E-01   1.2159898022660623E-01   1.0171061739486750E-01
         2        164   4.2086979078759844E-03   3.3501917870917386E-01   1.2159898022660623E-01   1.0171061739486750E-01
         2        165   1.1920363131566534E-02   2.2787710473245201E-01   7.6723590458497706E-02   5.2732860425915760E-02
         2        166   1.1920363131566534E-02   2.2787710473245201E-01   7.6723590458497706E-02   5.2732860425915760E-02
         2        167   1.1533710194536163E-01   3.0142561386009353E-01   1.9244737211895865E-01   3.7481145508846674E-02
         2        168   1.0525957845520625E-02   2.6301299766357200E-01   1.4115181458621337E-01   8.5594032521101357E-02
         2        169   1.0525957845520625E-02   2.6301299766357200E-01   1.4115181458621337E-01   8.5594032521101357E-02
         2        170   1.0831623318018690E-02   2.7363441799718691E-01   1.3534762176638546E-01   8.7031534942396266E-02
         2        171   1.0831623318018690E-02   2.7363441799718691E-01   1.3534762176638546E-01   8.7031534942396266E-02
         2        172   5.8110520765947979E-03   1.4097813762385056E-01   4.3572975496642262E-02   4.5071374308766628E-02
         2        173   5.8110520765947979E-03   1.4097813762385056E-01   4.3572975496642262E-02   4.5071374308766628E-02
         2        174   2.1306464997967466E-04   9.4770065961100575E-02   2.6920176823622292E-02   3.1825409923638630E-02
         2        175   7.3948491745809931E-03   3.5379157464341415E-01   5.7350052770494750E-02   4.2247135659212766E-02
         2        176   7.4022845647934099E-02   6.9297610923792163E-01   2.2314801891048280E-01   7.1920146168303722E-02
         2        177   7.4022845647934099E-02   6.9297610923792163E-01   2.2314801891048280E-01   7.1920146168303722E-02
         2        178   3.6207731391826744E-03   2.2687771763791897E-01   7.9763523107299492E-02   5.4406496551888284E-02
         2        179   3.6207731391826744E-03   2.2687771763791897E-01   7.9763523107299492E-02   5.4406496551888284E-02
         2        180   9.7874124336379820E-03   1.5588431572274469E-01   6.0284558540706419E-02   3.4673161189806782E-02
         2        181   9.7874124336379820E-03   1.5588431572274469E-01   6.0284558540706419E-02   3.4673161189806782E-02
         2        182   1.0130149533452587E-01   2.5438600463807659E-01   1.6681992068698970E-01   3.0681329046335252E-02
         2        183   1.1175420734347276E-02   2.7226326457664068E-01   1.6314907724149788E-01   9.7821071136768897E-02
         2        184   1.1175420734347276E-02   2.7226326457664068E-01   1.6314907724149788E-01   9.7821071136768897E-02
         2        185   1.2653820229011386E-02   2.9463228023406929E-01   1.4015391490747542E-01   9.5122822973086954E-02
         2        186   1.2653820229011386E-02   2.9463228023406929E-01   1.4015391490747542E-01   9.5122822973086954E-02
         2        187   5.6884531124610669E-03   1.9170734685131960E-01   4.0979150231496224E-02   2.6893909175922846E-02
         2        188   5.1086884361197467E-02   4.0656622031103756E-01   1.7656821427628674E-01   7.1192893016348693E-02
         2        189   5.1086884361197467E-02   4.0656622031103756E-01   1.7656821427628674E-01   7.1192893016348693E-02
         2        190   2.9628519970590675E-03   2.4391971967198894E-01   8.6390225749775798E-02   7.5061298877392546E-02
         2        191   2.9628519970590675E-03   2.4391971967198894E-01   8.6390225749775798E-02   7.5061298877392546E-02
         2        192   7.3712249468380646E-03   1.5826931803628982E-01   5.1238292622784828E-02   3.5186598027539102E-02
         2        193   7.3712249468380646E-03   1.5826931803628982E-01   5.1238292622784828E-02   3.5186598027539102E-02
         2        194   7.7215743173321499E-02   2.0198123202226323E-01   1.2846612105577659E-01   2.5250261435266035E-02
         2        195   6.8289895467751049E-03   1.7879580614468241E-01   9.2997376780497437E-02   5.7069000960843441E-02
         2        196   6.8289895467751049E-03   1.7879580614468241E-01   9.2997376780497437E-02   5.7069000960843441E-02
         2        197   6.7510907051937658E-03   1.9852918511291112E-01   9.4079152834442459E-02   6.1167872694072381E-02
         2        198   6.7510907051937658E-03   1.9852918511291112E-01   9.4079152834442459E-02   6.1167872694072381E-02
         2        199   3.0357641135151580E-03   1.1122406500781959E-01   3.1593207682781156E-02   3.5662121527727381E-02
         2        200   3.0357641135151580E-03   1.1122406500781959E-01   3.1593207682781156E-02   3.5662121527727381E-02
         2        201   1.6173004850590444E-04   9.0803221040279658E-02   2.0969410384327768E-02   2.7286028717598460E-02
         2        202   3.8008406032015371E-03   2.2939918888812399E-01   3.5286233332337567E-02   2.6384557137946827E-02
         2        203   4.6863443381370315E-02   4.9474118147589918E-01   1.4186762804176645E-01   4.4644829670612729E-02
         2        204   4.6863443381370315E-02   4.9474118147589918E-01   1.4186762804176645E-01   4.4644829670612729E-02
         2        205   2.3749272283657592E-03   1.3577825860073395E-01   4.4554768630469026E-02   2.8130821257630976E-02
         2        206   2.3749272283657592E-03   1.3577825860073395E-01   4.4554768630469026E-02   2.8130821257630976E-02
         2        207   5.8498126343082867E-03   8.7949102066755491E-02   3.4799260704993548E-02   1.6953978328588214E-02
         2        208   5.8498126343082867E-03   8.7949102066755491E-02   3.4799260704993548E-02   1.6953978328588214E-02
         2        209   6.3180136562485750E-02   1.5494162280024687E-01   1.0283866962380780E-01   1.8353714746328610E-02
         2        210   7.4784524356017630E-03   1.9328636421785389E-01   1.1499463943578193E-01   6.9324356946418447E-02
         2        211   7.4784524356017630E-03   1.9328636421785389E-01   1.1499463943578193E-01   6.9324356946418447E-02
         2        212   8.3857420099088392E-03   2.0938374279194158E-01   9.8885445975532477E-02   6.9534754925418787E-02
         2        213   8.3857420099088392E-03   2.0938374279194158E-01   9.8885445975532477E-02   6.9534754925418787E-02
         3          1   1.6500641585471648E-01   3.2690563927671268E-01   2.1572586465343205E-01   1.8894954121064254E-02
         3          2   1.1697827021993845E-01   2.5301056054370347E-01   1.5847186267914345E-01   1.5118857907538932E-02
         3          3   7.9692851749552174E-01   1.1662860804198094E+00   9.2796737500802984E-01   4.9408871775025238E-02
         3          4   2.0166988787770830E+00   2.3045190158008859E+00   2.1719220870585061E+00   3.1879307496797633E-02
         3          5   2.1286251089311600E-01   3.3050952884640289E-01   2.8449808996042542E-01   1.2713500890044083E-02
         3          6   5.7825126592970488E-01   8.7841849266726946E-01   6.8243968326110338E-01   4.1064963018640238E-02
         3          7   1.5314838199748066E+00   1.7686672680623328E+00   1.6700709745183224E+00   2.4182869595347080E-02
         3          8   3.0889927533921885E-01   5.0892857771646349E-01   3.7286100789068699E-01   2.6989214059695871E-02
         3          9   9.5164834648630503E-01   1.1160292042354776E+00   1.0620120508269550E+00   1.8104397483389881E-02
         3         10   1.2977824876625563E-01   2.5995568749928766E-01   1.6831803442809834E-01   1.5166268813891298E-02
         3         11   2.9312747467275846E-01   6.3439469789588165E-01   3.9252009056422982E-01   4.4417827208605723E-02
         3         12   1.7546595243518253E+00   2.6655034308086871E+00   2.0431106263833727E+00   1.1891915096425250E-01
         3         13   1.7546595243518253E+00   2.6655034308086871E+00   2.0431106263833727E+00   1.1891915096425250E-01
         3         14   2.7912273898533679E-01   4.7323870630472009E-01   3.3430339484031857E-01   2.5994448666219274E-02
         3         15   2.7912273898533679E-01   4.7323870630472009E-01   3.3430339484031857E-01   2.5994448666219274E-02
         3         16   2.4086308295033540E-01   4.0285807807152579E-01   3.1187238388758748E-01   1.6092254875112885E-02
         3         17   2.4086308295033540E-01   4.0285807807152579E-01   3.1187238388758748E-01   1.6092254875112885E-02
         3         18   2.0278689378218639E+00   2.6531576519948756E+00   2.3536831911007199E+00   6.9885408609708807E-02
         3         19   6.5373062702725004E-01   9.4040027817597893E-01   7.8185370051717318E-01   3.0544041680845443E-02
         3         20   6.5373062702725004E-01   9.4040027817597893E-01   7.8185370051717318E-01   3.0544041680845443E-02
         3         21   4.1646610807406875E-01   7.2702741219415246E-01   6.0077081311455105E-01   3.4560443020443060E-02
         3         22   4.1646610807406875E-01   7.2702741219415246E-01   6.0077081311455105E-01   3.4560443020443060E-02
         3         23   2.5490077619418272E-01   6.0005508805800045E-01   3.6529142840142004E-01   4.3444367973449041E-02
         3         24   1.7184879854904769E+00   2.6034579274962679E+00   1.9886105889471897E+00   1.2009013423055984E-01
         3         25   1.7184879854904769E+00   2.6034579274962679E+00   1.9886105889471897E+00   1.2009013423055984E-01
         3         26   2.7868009106715297E-01   4.7571903975487700E-01   3.3439609650441104E-01   2.5843854358115634E-02
         3         27   2.7868009106715297E-01   4.7571903975487700E-01   3.3439609650441104E-01   2.5843854358115634E-02
         3         28   1.6623311821055803E-01   2.9327070263275784E-01   2.1564215655961397E-01   1.4237443524374825E-02
         3         29   1.6623311821055803E-01   2.9327070263275784E-01   2.1564215655961397E-01   1.4237443524374825E-02
         3         30   1.7512448398785168E+00   2.3206894716208906E+00   2.0427796998165326E+00   6.5071535166646113E-02
         3         31   6.5855692639900343E-01   9.4286913376749182E-01   7.8201758886046435E-01   3.0468509297379973E-02
         3         32   6.5855692639900343E-01   9.4286913376749182E-01   7.8201758886046435E-01   3.0468509297379973E-02
         3         33   4.4446576270381993E-01   7.5070985233509846E-01   6.3551917062446106E-01   3.2852315194397137E-02
         3         34   4.4446576270381993E-01   7.5070985233509846E-01   6.3551917062446106E-01   3.2852315194397137E-02
         3         35   1.8753257405327722E-01   4.2535226272114646E-01   2.5231412885602400E-01   2.8955909729986119E-02
         3         36   1.1733349907603698E+00   1.8040177536090105E+00   1.3688643643347553E+00   8.0634277851512864E-02
         3         37   1.1733349907603698E+00   1.8040177536090105E+00   1.3688643643347553E+00   8.0634277851512864E-02
         3         38   1.6811160245333739E-01   2.8970317683007513E-01   2.2299364283126744E-01   1.1520239456468124E-02
         3         39   1.6811160245333739E-01   2.8970317683007513E-01   2.2299364283126744E-01   1.1520239456468124E-02
         3         40   1.3530775199557692E+00   1.7698993675376333E+00   1.5697037517596444E+00   4.6630166971034677E-02
         3         41   4.4319706174676737E-01   6.3486608001987344E-01   5.2765413135592809E-01   2.0401323637636182E-02
         3         42   4.4319706174676737E-01   6.3486608001987344E-01   5.2765413135592809E-01   2.0401323637636182E-02
         3         43   2.6727636839564428E-01   4.7640365830067238E-01   3.9069776427740927E-01   2.3757617016141201E-02
         3         44   2.6727636839564428E-01   4.7640365830067238E-01   3.9069776427740927E-01   2.3757617016141201E-02
         3         45   1.5173782626909413E-01   3.8216242516254562E-01   2.2508546669321433E-01   2.8023275397864526E-02
         3         46   1.1337980068506479E+00   1.7419722502965944E+00   1.3143643268985730E+00   8.1833516295284986E-02
         3         47   1.1337980068506479E+00   1.7419722502965944E+00   1.3143643268985730E+00   8.1833516295284986E-02
         3         48   1.0753286414237382E+00   1.4374311871636460E+00   1.2588002604754569E+00   4.1922136118687121E-02
         3         49   4.4802336111852126E-01   6.3735311425277463E-01   5.2781801969921938E-01   2.0320799298734430E-02
         3         50   4.4802336111852126E-01   6.3735311425277463E-01   5.2781801969921938E-01   2.0320799298734430E-02
         3         51   2.9527602302539452E-01   5.0038113133014295E-01   4.2544612178731933E-01   2.1983408158748642E-02
         3         52   2.9527602302539452E-01   5.0038113133014295E-01   4.2544612178731933E-01   2.1983408158748642E-02
         3         53   3.2713411314254809E-01   5.5938020515584208E-01   3.9958454597655269E-01   2.7092817047880476E-02
         3         54   3.2713411314254809E-01   5.5938020515584208E-01   3.9958454597655269E-01   2.7092817047880476E-02
         3         55   4.5175704388938903E-01   6.2227636223187621E-01   5.6338633966049501E-01   1.9003056016905242E-02
         3         56   3.1828673872500146E-01   5.4926246539192913E-01   3.9205903752294918E-01   2.7208333136120311E-02
         3         57   3.1828673872500146E-01   5.4926246539192913E-01   3.9205903752294918E-01   2.7208333136120311E-02
         3         58   3.3628147395429153E-01   4.7962634229617612E-01   4.2739295534643607E-01   1.4875311775675085E-02
         3         59   2.1972315760114378E-01   3.7608302912168634E-01   2.6673473336507658E-01   1.8409728119469799E-02
         3         60   2.1972315760114378E-01   3.7608302912168634E-01   2.6673473336507658E-01   1.8409728119469799E-02
         3         61   2.1087578318359695E-01   3.6596528935777289E-01   2.5920922491147297E-01   1.8531866821663596E-02
         3         62   2.1087578318359695E-01   3.6596528935777289E-01   2.5920922491147297E-01   1.8531866821663596E-02
         4          1   1.9811562618547440E-02   1.7826119938508631E-01   8.6564970930619003E-02   1.7084083494564729E-02
         4          2   6.3183234258578214E-01   7.3747567581476980E-01   6.8867918088763935E-01   1.1507833799381060E-02
         4          3   1.1944690458299170E-02   1.2411857236460437E-01   5.6488530224503432E-02   1.2254231231523069E-02
         4          4   5.4150721377599642E-01   6.3881323718113825E-01   5.9372110288138269E-01   1.0948178997787428E-02
         4          5   4.0915212172644211E-01   4.9829173183730863E-01   4.5486722464940099E-01   1.0361661039299057E-02
         4          6   4.7826095987022949E-01   9.0560854046136907E-01   7.1393260156953697E-01   4.4188524934731556E-02
         4          7   1.9345037131320864E+00   2.2178325957366556E+00   2.0722452739379049E+00   3.4170882303727695E-02
         4          8   2.1530770478382930E-01   3.2757419484711126E-01   2.8449808996042525E-01   1.2325299762424234E-02
         4          9   2.9229156832098657E-01   6.4837021983650611E-01   4.8446499178852509E-01   3.6976064824627522E-02
         4         10   1.4845406106260379E+00   1.6928193955610025E+00   1.5838030896152930E+00   2.5018082308301343E-02
         4         11   1.0548348306177129E-01   3.3857092283174112E-01   2.1912805265307506E-01   2.4062628376667148E-02
         4         12   9.3366973279450305E-01   1.0641540244295609E+00   1.0011287637289799E+00   1.5082670366350363E-02
         4         13   2.5779544449128822E-02   1.3873321655329771E-01   7.3933377247763346E-02   1.1911870463231373E-02
         4         14   5.7131413546972443E-01   6.7408736310775441E-01   6.2569268914348009E-01   1.1473009447747226E-02
         4         15   3.4934396963888698E-01   4.3922572507800078E-01   3.9477636488852885E-01   1.0343985870428452E-02
         4         16   6.7822732715119599E-02   1.8986921621347855E-01   1.2959762916507714E-01   1.2282490693711207E-02
         4         17   6.7822732715119599E-02   1.8986921621347855E-01   1.2959762916507714E-01   1.2282490693711207E-02
         4         18   5.6171066090753799E-02   1.5102021728368167E-01   1.0436883624934895E-01   9.5182862835865283E-03
         4         19   5.6171066090753799E-02   1.5102021728368167E-01   1.0436883624934895E-01   9.5182862835865283E-03
         4         20   1.3338891240422335E-02   1.2161215432705036E-01   5.9829100201533925E-02   1.2151313968739358E-02
         4         21   1.3338891240422335E-02   1.2161215432705036E-01   5.9829100201533925E-02   1.2151313968739358E-02
         4         22   1.2905690781982662E-02   1.2058569660447224E-01   5.9516771681777166E-02   1.2015579938464848E-02
         4         23   1.2905690781982662E-02   1.2058569660447224E-01   5.9516771681777166E-02   1.2015579938464848E-02
         4         24   1.1257495328703163E-01   3.7891672188798992E-01   2.4153624279341190E-01   2.8125491212237761E-02
         4         25   9.4186691834647285E-01   1.9635247946118435E+00   1.5013423168972937E+00   1.0510270105626719E-01
         4         26   9.4186691834647285E-01   1.9635247946118435E+00   1.5013423168972937E+00   1.0510270105626719E-01
         4         27   1.2711778815490921E-01   3.1497085349193549E-01   2.3151692884624342E-01   2.2320668696814091E-02
         4         28   1.2711778815490921E-01   3.1497085349193549E-01   2.3151692884624342E-01   2.2320668696814091E-02
         4         29   1.7060563096574249E-01   3.4253697830291319E-01   2.5701866131641371E-01   1.6134649322150727E-02
         4         30   1.7060563096574249E-01   3.4253697830291319E-01   2.5701866131641371E-01   1.6134649322150727E-02
         4         31   1.8476073249908844E+00   2.4534921231103581E+00   2.1381921576035037E+00   7.2334257050553200E-02
         4         32   4.1033246654756250E-01   6.8307663159335508E-01   5.6645889932122651E-01   3.2179885225403729E-02
         4         33   4.1033246654756250E-01   6.8307663159335508E-01   5.6645889932122651E-01   3.2179885225403729E-02
         4         34   6.4636037343564123E-01   9.0854718544808122E-01   7.4610723735515871E-01   3.1073227038270954E-02
         4         35   6.4636037343564123E-01   9.0854718544808122E-01   7.4610723735515871E-01   3.1073227038270954E-02
         4         36   9.1019727531298458E-02   3.5349521787673943E-01   2.1224670385341807E-01   2.8210594882309419E-02
         4         37   9.3191933899994805E-01   1.9107949963710691E+00   1.4587063172261834E+00   1.0112334217627408E-01
         4         38   9.3191933899994805E-01   1.9107949963710691E+00   1.4587063172261834E+00   1.0112334217627408E-01
         4         39   1.1093667755046401E-01   2.3890863414877986E-01   1.7527484080741626E-01   1.5774611623457918E-02
         4         40   1.1093667755046401E-01   2.3890863414877986E-01   1.7527484080741626E-01   1.5774611623457918E-02
         4         41   1.7055033823742718E-01   3.3686643302115277E-01   2.5685078763125962E-01   1.5873487873558318E-02
         4         42   1.7055033823742718E-01   3.3686643302115277E-01   2.5685078763125962E-01   1.5873487873558318E-02
         4         43   1.6018553798291950E+00   2.1424957222769700E+00   1.8508126028768903E+00   6.6321687404376550E-02
         4         44   4.4826333647415040E-01   7.3062645890890221E-01   6.1307205118938901E-01   3.1559826967208091E-02
         4         45   4.4826333647415040E-01   7.3062645890890221E-01   6.1307205118938901E-01   3.1559826967208091E-02
         4         46   6.4547592019729361E-01   9.0897274030678188E-01   7.4644973137728310E-01   3.0935913296211315E-02
         4         47   6.4547592019729361E-01   9.0897274030678188E-01   7.4644973137728310E-01   3.0935913296211315E-02
         4         48   7.6899958367509708E-02   2.5124991938546498E-01   1.5929153240847105E-01   1.7380216172850193E-02
         4         49   6.2899629780437238E-01   1.3192493773492429E+00   1.0086717690561751E+00   7.0792964819595905E-02
         4         50   6.2899629780437238E-01   1.3192493773492429E+00   1.0086717690561751E+00   7.0792964819595905E-02
         4         51   8.6502488167927563E-02   2.2824238782696724E-01   1.6807040645633789E-01   1.6126446021179939E-02
         4         52   8.6502488167927563E-02   2.2824238782696724E-01   1.6807040645633789E-01   1.6126446021179939E-02
         4         53   1.0876471650583652E-01   2.1827228988632211E-01   1.6441474533095160E-01   1.0995217623568957E-02
         4         54   1.0876471650583652E-01   2.1827228988632211E-01   1.6441474533095160E-01   1.0995217623568957E-02
         4         55   1.2251306933230184E+00   1.6350885739672369E+00   1.4237563897979038E+00   4.8696246214719456E-02
         4         56   2.6792597690420616E-01   4.5824178074266653E-01   3.7288166345435897E-01   2.2529776977270231E-02
         4         57   2.6792597690420616E-01   4.5824178074266653E-01   3.7288166345435897E-01   2.2529776977270231E-02
         4         58   4.2968080374905143E-01   6.0217077139624553E-01   4.9538822487850492E-01   2.0458955411443127E-02
         4         59   4.2968080374905143E-01   6.0217077139624553E-01   4.9538822487850492E-01   2.0458955411443127E-02
         4         60   5.5344732611776477E-02   2.1912691521952360E-01   1.3000199346847710E-01   1.7506319893522863E-02
         4         61   6.1904871845784792E-01   1.2665195791084720E+00   9.6603576938506464E-01   6.6893559504525718E-02
         4         62   6.1904871845784792E-01   1.2665195791084720E+00   9.6603576938506464E-01   6.6893559504525718E-02
         4         63   1.0870942377752119E-01   2.1260174460456191E-01   1.6424687164579743E-01   1.0789167107601923E-02
         4         64   1.0870942377752119E-01   2.1260174460456191E-01   1.6424687164579743E-01   1.0789167107601923E-02
         4         65   9.7937874816132564E-01   1.3240921731338491E+00   1.1363768350712906E+00   4.2679865912662311E-02
         4         66   3.0616386385760053E-01   4.9959130948822994E-01   4.1949481532252164E-01   2.1727197760842712E-02
         4         67   3.0616386385760053E-01   4.9959130948822994E-01   4.1949481532252164E-01   2.1727197760842712E-02
         4         68   4.2879635051070286E-01   6.0259632625494497E-01   4.9573071890062959E-01   2.0338287949115168E-02
         4         69   4.2879635051070286E-01   6.0259632625494497E-01   4.9573071890062959E-01   2.0338287949115168E-02
         4         70   1.0045893894266111E-01   3.4316780225789389E-01   2.2155818671503946E-01   2.5749719876176049E-02
         4         71   1.0045893894266111E-01   3.4316780225789389E-01   2.2155818671503946E-01   2.5749719876176049E-02
         4         72   4.3481635951622027E-01   5.6608928236695810E-01   5.0022565495261917E-01   1.5085146860122068E-02
         4         73   1.0021885730505925E-01   3.3687423257998950E-01   2.1743032443572055E-01   2.4873819158373639E-02
         4         74   1.0021885730505925E-01   3.3687423257998950E-01   2.1743032443572055E-01   2.4873819158373639E-02
         4         75   3.0280134267105496E-01   4.1402397067905383E-01   3.5654146089720185E-01   1.2702494864655965E-02
         4         76   6.6797849226932660E-02   2.2999664521916188E-01   1.4846560714437687E-01   1.7280199861216889E-02
         4         77   6.6797849226932660E-02   2.2999664521916188E-01   1.4846560714437687E-01   1.7280199861216889E-02
         4         78   2.8976535194317921E-01   3.7765666569363077E-01   3.3363225485791176E-01   1.0091558365974100E-02
         4         79   6.6557767589330921E-02   2.2370307554125785E-01   1.4433774486505788E-01   1.6414334810566082E-02
         4         80   6.6557767589330921E-02   2.2370307554125785E-01   1.4433774486505788E-01   1.6414334810566082E-02
