################################################################################
# Symmetry function scaling data.
################################################################################
# Col  Name     Description
################################################################################
# 1    e_index  Element index.
# 2    sf_index Symmetry function index.
# 3    sf_min   Symmetry function minimum.
# 4    sf_max   Symmetry function maximum.
# 5    sf_mean  Symmetry function mean.
# 6    sf_sigma Symmetry function sigma.
#########################################################################################################################
#        1          2                        3                        4                        5                        6
#  e_index   sf_index                   sf_min                   sf_max                  sf_mean                 sf_sigma
#########################################################################################################################
         1          1   1.2041702322137522E-05   3.2009271547696744E-01   1.0919656050319634E-01   6.3335097145100910E-02
         1          2   4.2000812004221005E-01   6.5363216066467755E-01   5.3784194859782808E-01   2.7524458323528445E-02
         1          3   7.8925847932828641E-02   1.6238568410053097E-01   1.0405914339905653E-01   6.1985330870716034E-03
         1          4   0.0000000000000000E+00   1.4852369574564095E-01   4.5290636143337656E-02   2.9595451173175118E-02
         1          5   5.3831554014580694E-06   2.7303520259400160E-01   7.5815887257951617E-02   4.5426611996553040E-02
         1          6   3.4819500678124438E-01   5.4732523089822505E-01   4.4411011365314712E-01   2.2122179312660858E-02
         1          7   0.0000000000000000E+00   1.0609346004278261E-01   2.9594111714629574E-02   1.9409854984944616E-02
         1          8   1.1445812603182011E-06   2.0467725732475217E-01   3.8462284670408090E-02   2.4858207459868151E-02
         1          9   2.6707512847691844E-01   4.1515379189258805E-01   3.3284648836232622E-01   1.6226739550244514E-02
         1         10   1.3101886598990044E-07   1.3962981046453099E-01   1.5572147307923206E-02   1.1527105641270465E-02
         1         11   2.0850436940761682E-01   3.1490922143036099E-01   2.5235340835006226E-01   1.1522480263547047E-02
         1         12   2.7251996498731390E-01   9.6308962755212335E-01   6.9220481680329526E-01   1.8746569677544433E-01
         1         13   1.7408195264760216E+00   2.2436118229424613E+00   2.0096163717324900E+00   8.4104624517124055E-02
         1         14   3.7749602948768107E-01   6.0891611591237149E-01   4.5326590366381059E-01   2.4990920222644361E-02
         1         15   1.7124700364559400E-01   6.4895866438318095E-01   3.6333852022192242E-01   1.2704897564868578E-01
         1         16   1.4253988806863702E-01   7.3203806253423775E-01   4.8166306234744133E-01   1.5887289022804066E-01
         1         17   1.2775009296933180E+00   1.6831887911390180E+00   1.4938921157080574E+00   6.5005422341467459E-02
         1         18   2.7469845392431969E-01   4.5616236630950713E-01   3.3220472856525102E-01   1.9187988105841665E-02
         1         19   9.0418788179273693E-02   4.8633251907233244E-01   2.4768342438105750E-01   1.0279500810773275E-01
         1         20   3.4772026310557543E-02   4.4966260262830154E-01   2.3371656270760457E-01   1.0039109899389781E-01
         1         21   7.2954227338645983E-01   9.9047345647737273E-01   8.7024772413616347E-01   3.7932554905399082E-02
         1         22   1.4358173436719274E-01   2.6156692980598539E-01   1.8059188973593995E-01   1.0594467386118325E-02
         1         23   2.1496549132096185E-02   2.6502171597206353E-01   1.1294411223444684E-01   5.8087638254211801E-02
         1         24   4.6070901559791665E-03   2.8329250837464731E-01   8.9746009702595636E-02   4.7385118456903706E-02
         1         25   3.9954488341012778E-01   5.8331675191113597E-01   4.8951034861229453E-01   2.0965307352072523E-02
         1         26   2.6466714724410678E-03   1.1530019082099914E-01   3.8431713539560625E-02   2.2621771290219441E-02
         1         27   3.4753116188706033E-04   1.7426345830299447E-01   2.8612284501781302E-02   1.8166112294061055E-02
         1         28   2.5420091906537179E-01   3.7987484956187745E-01   3.0753773734168710E-01   1.3375237975837772E-02
         1         29   1.4139005509178862E-01   2.2122131688126820E-01   1.7841596349892946E-01   7.4816858988545525E-03
         1         30   4.8061000097764277E-03   9.9730010752911033E-02   4.1842548515043591E-02   1.9044461315576019E-02
         1         31   4.8061000097764277E-03   9.9730010752911033E-02   4.1842548515043591E-02   1.9044461315576019E-02
         1         32   3.0752307046199218E-02   1.9807365325586038E-01   1.2286433543063974E-01   4.3374347292332097E-02
         1         33   3.0752307046199218E-02   1.9807365325586038E-01   1.2286433543063974E-01   4.3374347292332097E-02
         1         34   1.0708287927258642E-01   1.8823945598094000E-01   1.4361612810238178E-01   1.5695368134562130E-02
         1         35   1.6089064556028675E-02   1.5792964332462292E-01   6.9112368420352760E-02   3.5559291496646266E-02
         1         36   1.6089064556028675E-02   1.5792964332462292E-01   6.9112368420352760E-02   3.5559291496646266E-02
         1         37   2.7137158955366274E-02   1.5854704879716594E-01   9.9658762214795277E-02   3.3695114438396664E-02
         1         38   2.7137158955366274E-02   1.5854704879716594E-01   9.9658762214795277E-02   3.3695114438396664E-02
         1         39   1.4255749356311610E-02   1.2989914697052524E-01   5.9640798600397449E-02   2.9032617570586061E-02
         1         40   1.4255749356311610E-02   1.2989914697052524E-01   5.9640798600397449E-02   2.9032617570586061E-02
         1         41   5.7735584554764508E-06   2.2832905920903715E-01   6.3631038553664587E-02   3.8293103166091164E-02
         1         42   5.7735584554764508E-06   2.2832905920903715E-01   6.3631038553664587E-02   3.8293103166091164E-02
         1         43   4.3821965638014562E-02   2.0445227493831239E-01   1.1836296595142524E-01   1.7854490931391017E-02
         1         44   0.0000000000000000E+00   9.7482117510850494E-02   3.0108569366191461E-02   1.8537482704082297E-02
         1         45   0.0000000000000000E+00   9.7482117510850494E-02   3.0108569366191461E-02   1.8537482704082297E-02
         1         46   7.7155245524946937E-06   1.4361698330373482E-01   5.2681611319260718E-02   3.0237379490813208E-02
         1         47   7.7155245524946937E-06   1.4361698330373482E-01   5.2681611319260718E-02   3.0237379490813208E-02
         1         48   5.1933187867611613E-02   1.3670709349406926E-01   8.7589656126321191E-02   1.2333243351981422E-02
         1         49   0.0000000000000000E+00   8.8420861807060824E-02   1.9618615112098843E-02   1.5112768150424576E-02
         1         50   0.0000000000000000E+00   8.8420861807060824E-02   1.9618615112098843E-02   1.5112768150424576E-02
         1         51   4.1273020758373051E-06   1.7384729462329082E-01   4.1467274929229900E-02   2.6215252721587083E-02
         1         52   4.1273020758373051E-06   1.7384729462329082E-01   4.1467274929229900E-02   2.6215252721587083E-02
         1         53   2.5310475171823551E-02   1.4993519141472203E-01   8.4752843247640902E-02   1.4901802872203947E-02
         1         54   6.0692681728555505E-06   8.9135218717988504E-02   3.0517847694826031E-02   1.7347317705968045E-02
         1         55   6.0692681728555505E-06   8.9135218717988504E-02   3.0517847694826031E-02   1.7347317705968045E-02
         1         56   2.9294881766550138E-07   1.0096761771172275E-01   1.5326272327172480E-02   1.0741122424209918E-02
         1         57   2.9294881766550138E-07   1.0096761771172275E-01   1.5326272327172480E-02   1.0741122424209918E-02
         1         58   2.2704685637859354E-07   8.1958469721040372E-02   1.0375178913407742E-02   8.0230200253765763E-03
         1         59   2.2704685637859354E-07   8.1958469721040372E-02   1.0375178913407742E-02   8.0230200253765763E-03
         1         60   3.4947938199974042E-02   4.5499902822844468E-01   2.5422612590392341E-01   1.0984870460358392E-01
         1         61   5.6365161344487191E-01   1.9778016194947461E+00   1.3822093207973916E+00   3.4942986543044730E-01
         1         62   5.6365161344487191E-01   1.9778016194947461E+00   1.3822093207973916E+00   3.4942986543044730E-01
         1         63   1.0752207759463098E-01   5.5182813176999135E-01   3.1277410401130029E-01   8.9362943826802627E-02
         1         64   1.0752207759463098E-01   5.5182813176999135E-01   3.1277410401130029E-01   8.9362943826802627E-02
         1         65   1.2853608835739613E-01   3.5577992214851628E-01   2.3087210487249141E-01   2.3454218364217527E-02
         1         66   1.2853608835739613E-01   3.5577992214851628E-01   2.3087210487249141E-01   2.3454218364217527E-02
         1         67   1.4295963131545470E+00   2.4967198597496698E+00   1.9743576335650324E+00   1.7069975065733603E-01
         1         68   5.9784954006035473E-01   1.2827807441583972E+00   8.3122790591127738E-01   7.3800607592161643E-02
         1         69   5.9784954006035473E-01   1.2827807441583972E+00   8.3122790591127738E-01   7.3800607592161643E-02
         1         70   3.3106839593132642E-01   1.4506816356091141E+00   7.8577055212488323E-01   2.9649647337620078E-01
         1         71   3.3106839593132642E-01   1.4506816356091141E+00   7.8577055212488323E-01   2.9649647337620078E-01
         1         72   3.4177019155913146E-02   1.6368479768155123E-01   6.5478064940408726E-02   1.2245999024416461E-02
         1         73   9.7926873881515455E-02   3.5878086306564344E-01   2.1171623599512462E-01   6.1086512640100642E-02
         1         74   9.7926873881515455E-02   3.5878086306564344E-01   2.1171623599512462E-01   6.1086512640100642E-02
         1         75   1.1794292251746337E-02   2.0144655914475468E-01   5.8307670930419289E-02   5.4682365685878601E-02
         1         76   3.0244398356809418E-02   3.5421595431261854E-01   1.9648965648421593E-01   8.2368037171525424E-02
         1         77   5.8364875367316327E-01   1.9328373704916755E+00   1.3726523520379488E+00   3.3813290811408775E-01
         1         78   5.8364875367316327E-01   1.9328373704916755E+00   1.3726523520379488E+00   3.3813290811408775E-01
         1         79   1.1457369566811045E-01   4.6938877544173357E-01   3.1295005038637652E-01   8.0766467123926738E-02
         1         80   1.1457369566811045E-01   4.6938877544173357E-01   3.1295005038637652E-01   8.0766467123926738E-02
         1         81   1.2956175525617211E-01   3.2500423056073435E-01   2.2600175399973704E-01   2.2799396062589034E-02
         1         82   1.2956175525617211E-01   3.2500423056073435E-01   2.2600175399973704E-01   2.2799396062589034E-02
         1         83   1.3739001600031149E+00   2.2538119521912150E+00   1.8077811489363196E+00   1.6349875100123742E-01
         1         84   7.7125185424609954E-01   1.3423085605559342E+00   9.9192261057691278E-01   7.3124744894118063E-02
         1         85   7.7125185424609954E-01   1.3423085605559342E+00   9.9192261057691278E-01   7.3124744894118063E-02
         1         86   2.9027603859706103E-01   1.3727061004387200E+00   6.9400721567824020E-01   2.9044712889804120E-01
         1         87   2.9027603859706103E-01   1.3727061004387200E+00   6.9400721567824020E-01   2.9044712889804120E-01
         1         88   5.0592595311087118E-02   2.3981806947309112E-01   1.1811665205133956E-01   5.9188466608362626E-02
         1         89   5.0592595311087118E-02   2.3981806947309112E-01   1.1811665205133956E-01   5.9188466608362626E-02
         1         90   1.0777189197969881E-02   1.4878831874416135E-01   5.9928269991517444E-02   3.9321887010156771E-02
         1         91   2.4376461396934578E-02   3.1638699941162912E-01   1.8017316129606578E-01   7.6290913012841660E-02
         1         92   3.6377337997609444E-01   1.3414573212375787E+00   9.0214893238847405E-01   2.2699489363910536E-01
         1         93   3.6377337997609444E-01   1.3414573212375787E+00   9.0214893238847405E-01   2.2699489363910536E-01
         1         94   6.2743274161460902E-02   4.0159498188189124E-01   2.0487142400913214E-01   6.0420655087560546E-02
         1         95   6.2743274161460902E-02   4.0159498188189124E-01   2.0487142400913214E-01   6.0420655087560546E-02
         1         96   7.5383553069084730E-02   2.2546667333456330E-01   1.4196135003835636E-01   1.6312920789518955E-02
         1         97   7.5383553069084730E-02   2.2546667333456330E-01   1.4196135003835636E-01   1.6312920789518955E-02
         1         98   9.5118632919176049E-01   1.6892449491211625E+00   1.3277427253436123E+00   1.0991797371139710E-01
         1         99   3.8193021368526853E-01   8.6888231669606686E-01   5.4106205286666564E-01   4.8363046617320993E-02
         1        100   3.8193021368526853E-01   8.6888231669606686E-01   5.4106205286666564E-01   4.8363046617320993E-02
         1        101   2.2226899526418298E-01   9.7232573483550810E-01   5.5213944122390712E-01   1.9490593578445234E-01
         1        102   2.2226899526418298E-01   9.7232573483550810E-01   5.5213944122390712E-01   1.9490593578445234E-01
         1        103   1.4138679916556667E-02   1.1011717019761461E-01   3.4130028557600105E-02   8.3179244703895580E-03
         1        104   6.4970129576020011E-02   2.6427354766566696E-01   1.5803572712265834E-01   4.0922091873626852E-02
         1        105   6.4970129576020011E-02   2.6427354766566696E-01   1.5803572712265834E-01   4.0922091873626852E-02
         1        106   7.6598820488023413E-03   1.4528174133054536E-01   3.8292940510551460E-02   3.8220246894944118E-02
         1        107   2.1021649305979249E-02   2.2270726883263675E-01   1.2243669187635828E-01   4.8803308420976008E-02
         1        108   3.8945346589078733E-01   1.2558993596482197E+00   8.9259196362903159E-01   2.1468935020024121E-01
         1        109   3.8945346589078733E-01   1.2558993596482197E+00   8.9259196362903159E-01   2.1468935020024121E-01
         1        110   7.6832083713396726E-02   3.1372632663472699E-01   2.0504737038420845E-01   5.0779155818179073E-02
         1        111   7.6832083713396726E-02   3.1372632663472699E-01   2.0504737038420845E-01   5.0779155818179073E-02
         1        112   7.0620510236555897E-02   2.1233682287662808E-01   1.3709099916560213E-01   1.5364583134671825E-02
         1        113   7.0620510236555897E-02   2.1233682287662808E-01   1.3709099916560213E-01   1.5364583134671825E-02
         1        114   8.9287339749281380E-01   1.4435652371150325E+00   1.1611662407148995E+00   1.0151780074914284E-01
         1        115   5.5504288020535664E-01   9.3323354812343307E-01   7.0175675753230093E-01   4.7082144994087326E-02
         1        116   5.5504288020535664E-01   9.3323354812343307E-01   7.0175675753230093E-01   4.7082144994087326E-02
         1        117   1.8651936052733867E-01   8.9435019966511442E-01   4.6037610477726360E-01   1.8859455550101342E-01
         1        118   1.8651936052733867E-01   8.9435019966511442E-01   4.6037610477726360E-01   1.8859455550101342E-01
         1        119   2.3394673065065479E-02   1.4444767620525895E-01   6.4436143178873181E-02   3.8321781069847051E-02
         1        120   2.3394673065065479E-02   1.4444767620525895E-01   6.4436143178873181E-02   3.8321781069847051E-02
         1        121   7.7070877588018378E-03   9.1907864662981259E-02   3.9913539571649635E-02   2.2762675748044116E-02
         1        122   5.7403928562993879E-04   8.0471603774920422E-02   3.0620766361556293E-02   1.7429345839478593E-02
         1        123   2.9468211936588651E-02   4.6131662840225579E-01   2.0675843975297448E-01   8.9426171253542408E-02
         1        124   2.9468211936588651E-02   4.6131662840225579E-01   2.0675843975297448E-01   8.9426171253542408E-02
         1        125   5.1766680883536427E-03   1.1564049983718457E-01   4.3864038360316743E-02   2.0310781056950410E-02
         1        126   5.1766680883536427E-03   1.1564049983718457E-01   4.3864038360316743E-02   2.0310781056950410E-02
         1        127   2.0753336948693668E-01   4.6708514903699816E-01   3.4428868302384158E-01   3.4678565314433703E-02
         1        128   7.4983508339117627E-02   2.1666580482970044E-01   1.2470685625666632E-01   1.2748015325469418E-02
         1        129   7.4983508339117627E-02   2.1666580482970044E-01   1.2470685625666632E-01   1.2748015325469418E-02
         1        130   1.8232136828758790E-02   2.7063336642930541E-01   1.1368669762896788E-01   5.7577431600025819E-02
         1        131   1.8232136828758790E-02   2.7063336642930541E-01   1.1368669762896788E-01   5.7577431600025819E-02
         1        132   3.3189078498683314E-02   3.6357362208611743E-01   1.9484587191705172E-01   8.0271722783023317E-02
         1        133   3.3189078498683314E-02   3.6357362208611743E-01   1.9484587191705172E-01   8.0271722783023317E-02
         1        134   2.1393075577778506E-01   3.9366503469426828E-01   2.9742123470185500E-01   3.1286540248975446E-02
         1        135   1.3820987594506307E-01   2.7832275786881400E-01   1.8978814763047019E-01   1.3903329591473590E-02
         1        136   1.3820987594506307E-01   2.7832275786881400E-01   1.8978814763047019E-01   1.3903329591473590E-02
         1        137   1.5691062877063965E-02   2.4579657690292256E-01   8.6411398053204524E-02   5.3250055668485279E-02
         1        138   1.5691062877063965E-02   2.4579657690292256E-01   8.6411398053204524E-02   5.3250055668485279E-02
         1        139   1.9371597585296586E-02   3.3273148913009409E-01   1.3374646982994276E-01   5.8560015051918837E-02
         1        140   1.9371597585296586E-02   3.3273148913009409E-01   1.3374646982994276E-01   5.8560015051918837E-02
         1        141   2.8143757232751291E-03   8.9269333888828378E-02   2.8759663283352856E-02   1.3901183854215711E-02
         1        142   2.8143757232751291E-03   8.9269333888828378E-02   2.8759663283352856E-02   1.3901183854215711E-02
         1        143   1.3119248844184830E-01   3.2414088769973748E-01   2.3656957899947778E-01   2.4614306034512611E-02
         1        144   4.5535104693173546E-02   1.4243359155292437E-01   7.9426196920484235E-02   8.6210069229095774E-03
         1        145   4.5535104693173546E-02   1.4243359155292437E-01   7.9426196920484235E-02   8.6210069229095774E-03
         1        146   1.2091792865658696E-02   1.8167075599398402E-01   8.3507863430378762E-02   3.7864547685341851E-02
         1        147   1.2091792865658696E-02   1.8167075599398402E-01   8.3507863430378762E-02   3.7864547685341851E-02
         1        148   2.3092464147391224E-02   2.3498848281395493E-01   1.2183390199401993E-01   4.8498543614336038E-02
         1        149   2.3092464147391224E-02   2.3498848281395493E-01   1.2183390199401993E-01   4.8498543614336038E-02
         1        150   1.4115804518255709E-01   2.5072807146372184E-01   1.8970213067749123E-01   1.8718636379677332E-02
         1        151   1.0935297270768722E-01   2.0098196139384711E-01   1.4450748829428817E-01   9.2795787261086542E-03
         1        152   1.0935297270768722E-01   2.0098196139384711E-01   1.4450748829428817E-01   9.2795787261086542E-03
         1        153   9.5507189139638921E-03   1.5683396646760150E-01   5.6232563854615343E-02   3.3208511328860928E-02
         1        154   9.5507189139638921E-03   1.5683396646760150E-01   5.6232563854615343E-02   3.3208511328860928E-02
         1        155   7.3799514044604493E-05   8.0578772189288633E-02   1.0579177830394033E-02   7.4125668685759705E-03
         1        156   7.3799514044604493E-05   8.0578772189288633E-02   1.0579177830394033E-02   7.4125668685759705E-03
         2          1   4.1546933347009422E-02   4.7488900925929073E-01   2.3904086604347916E-01   1.2419809306806359E-01
         2          2   2.3465871748653683E-01   4.5137248328458462E-01   3.2909008014466651E-01   4.1966326779717865E-02
         2          3   1.0606608396470247E-05   2.7604244664002697E-01   1.6864876291585740E-01   1.1564737957927261E-01
         2          4   1.3819344699016435E-06   3.5104227330612747E-01   1.5370279121683914E-01   1.3629081992319142E-01
         2          5   2.5325429064043673E-02   4.0621791732148210E-01   1.9738227273473211E-01   1.1835693651687637E-01
         2          6   1.6011775613773871E-01   3.2650506205686747E-01   2.3349769211442242E-01   3.1042019623771580E-02
         2          7   4.7785534042777881E-06   2.3656493228829553E-01   1.4187190227706345E-01   9.8276224403729809E-02
         2          8   6.0989845857508708E-07   3.1389629246741346E-01   1.3266763006731674E-01   1.2138255491105997E-01
         2          9   9.8859556719624146E-03   3.2039230705728156E-01   1.4793177260547835E-01   1.1020446976462103E-01
         2         10   7.7544161060937949E-02   1.7787423207505601E-01   1.2227388990976248E-01   1.7467121275347833E-02
         2         11   1.0313653062202952E-06   1.7651971909851780E-01   1.0236528959268182E-01   7.1730717500759697E-02
         2         12   1.2651061500226181E-07   2.5365191756811256E-01   1.0183297630488371E-01   9.6626419744921505E-02
         2         13   2.7124333529035989E-03   2.5869709095904758E-01   1.1215707037780548E-01   1.0079930650507032E-01
         2         14   1.2057556126556299E-07   1.1760572062474674E-01   6.5231632729696981E-02   4.6047339329995544E-02
         2         15   1.3987904967350300E-08   1.8852595875331338E-01   7.1817185964868677E-02   6.9706992424582365E-02
         2         16   4.9986851955974808E-07   1.3120343763798453E-01   4.6108862432094777E-02   5.1352044804031535E-02
         2         17   2.2784528429235945E-10   7.7268359303027820E-02   2.4000438100267692E-02   2.7027322503091863E-02
         2         18   5.6953730953143633E-01   1.2523406825942218E+00   8.9316283188110646E-01   1.6313516640731626E-01
         2         19   1.4505495496012675E+00   1.9345467600319100E+00   1.7201045519480027E+00   9.0957664377081957E-02
         2         20   1.7503923043123043E-01   6.5995051876226851E-01   4.8287546577905838E-01   1.7696015331702353E-01
         2         21   1.5956253444646834E-01   7.2115195145169630E-01   4.6001732748353835E-01   1.8391779526447979E-01
         2         22   3.6856779464624922E-01   1.0050169853412145E+00   6.6395205142580316E-01   1.5619560583002065E-01
         2         23   1.0041217463298104E+00   1.4216083985818615E+00   1.2237800958224756E+00   8.1612133766214873E-02
         2         24   9.9930376746001040E-02   5.3335285565590362E-01   3.7193436829739007E-01   1.6738514619649106E-01
         2         25   8.6133251159285273E-02   5.9954112774814416E-01   3.5183959637214657E-01   1.7701625018014053E-01
         2         26   1.5048969382350541E-01   6.6849143823928836E-01   3.8677676628273955E-01   1.3972518860980376E-01
         2         27   4.9175477863504269E-01   7.7814673970251991E-01   6.2651810189805235E-01   5.7218363447898483E-02
         2         28   2.7046396409943260E-02   3.6430451326140978E-01   2.3741125156038201E-01   1.3739554186186453E-01
         2         29   2.2056631585145394E-02   4.4342645659096336E-01   2.2286917952364374E-01   1.5420557410320182E-01
         2         30   4.2718944041400871E-02   4.2977826651808460E-01   2.1756015493879746E-01   1.2394739231448756E-01
         2         31   1.9192558016406933E-01   3.4674474964939928E-01   2.5930785019741376E-01   3.0205525451823183E-02
         2         32   3.6330742616864082E-03   2.3897711523341458E-01   1.4476397165965882E-01   9.6144598834434283E-02
         2         33   2.9602672365407609E-03   3.2194966393274249E-01   1.3974896409538395E-01   1.2008265805255096E-01
         2         34   8.6832328055236434E-03   3.0155893087045060E-01   1.3668343881852760E-01   1.1089869960535542E-01
         2         35   2.7559069785887793E-04   1.4717344310037939E-01   8.3573115431596068E-02   5.8272560507804175E-02
         2         36   2.0060596187617113E-04   2.2520844654648464E-01   8.8474145493578626E-02   8.3696414135045943E-02
         2         37   1.9863836961338748E-04   2.0089313420221949E-01   7.9295983777301987E-02   8.3961256747332388E-02
         2         38   2.9351428295617627E-07   9.6326427823631572E-02   3.3234509442876099E-02   3.2672126435628925E-02
         2         39   8.9539605796718148E-08   1.1821241045717414E-01   3.9999968056458363E-02   4.4774025773693146E-02
         2         40   1.5503334860754886E-02   9.0713189498202160E-02   4.9327463522683301E-02   2.0823510912958487E-02
         2         41   1.5503334860754886E-02   9.0713189498202160E-02   4.9327463522683301E-02   2.0823510912958487E-02
         2         42   6.6051462114551457E-02   2.1774075295564249E-01   1.3780515149456446E-01   2.6680448226528299E-02
         2         43   6.6051462114551457E-02   2.1774075295564249E-01   1.3780515149456446E-01   2.6680448226528299E-02
         2         44   2.1284808899449573E-02   1.5689579769707673E-01   1.0373639534269347E-01   5.0968386805326976E-02
         2         45   2.1284808899449573E-02   1.5689579769707673E-01   1.0373639534269347E-01   5.0968386805326976E-02
         2         46   1.6809029416554325E-02   1.5917217373351780E-01   8.9245407185583076E-02   4.7328908123276586E-02
         2         47   1.6809029416554325E-02   1.5917217373351780E-01   8.9245407185583076E-02   4.7328908123276586E-02
         2         48   5.5072598889589541E-02   1.7508971880001706E-01   1.1251714406884768E-01   2.0446118861673458E-02
         2         49   5.5072598889589541E-02   1.7508971880001706E-01   1.1251714406884768E-01   2.0446118861673458E-02
         2         50   1.9187128628312237E-02   1.2995578843262248E-01   8.7247254361282334E-02   4.1691422562837560E-02
         2         51   1.9187128628312237E-02   1.2995578843262248E-01   8.7247254361282334E-02   4.1691422562837560E-02
         2         52   1.5068602595271622E-02   1.3509756253806723E-01   7.6198746085090058E-02   3.9602700677584958E-02
         2         53   1.5068602595271622E-02   1.3509756253806723E-01   7.6198746085090058E-02   3.9602700677584958E-02
         2         54   1.2820085998468251E-02   1.8877064111125266E-01   8.8723893261560952E-02   4.8690814007281709E-02
         2         55   1.2820085998468251E-02   1.8877064111125266E-01   8.8723893261560952E-02   4.8690814007281709E-02
         2         56   2.0512688905606864E-06   1.7197543617167990E-01   6.3455682807688749E-02   6.2511967474785490E-02
         2         57   2.0512688905606864E-06   1.7197543617167990E-01   6.3455682807688749E-02   6.2511967474785490E-02
         2         58   5.5128659357841898E-07   1.2387072875448570E-01   2.6934383018193484E-02   2.8289902914716825E-02
         2         59   5.5128659357841898E-07   1.2387072875448570E-01   2.6934383018193484E-02   2.8289902914716825E-02
         2         60   2.5709551773522226E-02   1.0082735725026669E-01   5.2037784149981038E-02   1.5628687444021388E-02
         2         61   2.2638602766385370E-06   1.1202247405690557E-01   5.0296795056430477E-02   3.6782489022753967E-02
         2         62   2.2638602766385370E-06   1.1202247405690557E-01   5.0296795056430477E-02   3.6782489022753967E-02
         2         63   3.5898196507378444E-07   1.1775196914646562E-01   4.8876685381630522E-02   4.0387864271869640E-02
         2         64   3.5898196507378444E-07   1.1775196914646562E-01   4.8876685381630522E-02   4.0387864271869640E-02
         2         65   2.4531637724338154E-07   8.0004595148435179E-02   1.7513842785918356E-02   2.8061306969770005E-02
         2         66   2.4531637724338154E-07   8.0004595148435179E-02   1.7513842785918356E-02   2.8061306969770005E-02
         2         67   4.2096010500092940E-04   7.9449088294055767E-02   1.6635787929264217E-02   1.5914272406150079E-02
         2         68   1.2135291625113599E-02   1.3930755314351637E-01   6.2988065011355954E-02   2.5765718487225100E-02
         2         69   1.2135291625113599E-02   1.3930755314351637E-01   6.2988065011355954E-02   2.5765718487225100E-02
         2         70   7.6609731038303830E-07   8.3633006676720759E-02   2.9312349572922426E-02   2.4161304838751022E-02
         2         71   7.6609731038303830E-07   8.3633006676720759E-02   2.9312349572922426E-02   2.4161304838751022E-02
         2         72   2.8300395625517512E-07   7.6403149592728828E-02   1.9630781174573887E-02   1.8109712533071337E-02
         2         73   2.8300395625517512E-07   7.6403149592728828E-02   1.9630781174573887E-02   1.8109712533071337E-02
         2         74   3.3127792216177786E-06   1.1902663860481640E-01   6.5223611008731128E-02   4.5082023222777080E-02
         2         75   3.3127792216177786E-06   1.1902663860481640E-01   6.5223611008731128E-02   4.5082023222777080E-02
         2         76   4.1743200789421366E-07   1.2925854795425121E-01   5.2179010167138599E-02   4.4980852889755230E-02
         2         77   4.1743200789421366E-07   1.2925854795425121E-01   5.2179010167138599E-02   4.4980852889755230E-02
         2         78   8.0624354264689450E-03   1.3626423080109204E-01   6.3363077367212223E-02   3.7366481492336512E-02
         2         79   8.0624354264689450E-03   1.3626423080109204E-01   6.3363077367212223E-02   3.7366481492336512E-02
         2         80   1.5952738056537021E-06   1.3102341281665086E-01   4.7588870419271713E-02   4.8115380824855392E-02
         2         81   1.5952738056537021E-06   1.3102341281665086E-01   4.7588870419271713E-02   4.8115380824855392E-02
         2         82   3.7680189416778508E-07   8.8090608182927091E-02   1.7580222466729752E-02   1.9041692886247245E-02
         2         83   3.7680189416778508E-07   8.8090608182927091E-02   1.7580222466729752E-02   1.9041692886247245E-02
         2         84   1.2545377184874933E-06   7.6279322175176550E-02   3.2505701742737328E-02   2.4433856090943316E-02
         2         85   1.2545377184874933E-06   7.6279322175176550E-02   3.2505701742737328E-02   2.4433856090943316E-02
         2         86   1.8698793730508339E-07   8.8508888756339971E-02   3.5320184715800534E-02   2.9421043098013758E-02
         2         87   1.8698793730508339E-07   8.8508888756339971E-02   3.5320184715800534E-02   2.9421043098013758E-02
         2         88   7.3776410531142932E-03   9.1737639578380895E-02   3.7627249117007211E-02   1.4598150009483902E-02
         2         89   7.3776410531142932E-03   9.1737639578380895E-02   3.7627249117007211E-02   1.4598150009483902E-02
         2         90   2.3091478394550655E-06   8.6127047855947672E-02   4.7432517695037944E-02   3.2725516087591423E-02
         2         91   2.3091478394550655E-06   8.6127047855947672E-02   4.7432517695037944E-02   3.2725516087591423E-02
         2         92   2.7652926313489966E-07   9.8090750907151442E-02   3.8622509501308654E-02   3.4141142690392152E-02
         2         93   2.7652926313489966E-07   9.8090750907151442E-02   3.8622509501308654E-02   3.4141142690392152E-02
         2         94   7.8253704671825670E-08   7.6327939204368700E-02   2.8837676758881776E-02   3.0740081003301535E-02
         2         95   7.8253704671825670E-08   7.6327939204368700E-02   2.8837676758881776E-02   3.0740081003301535E-02
         2         96   1.5283924479135041E-01   7.0512910823597919E-01   3.7055961618097810E-01   1.2814961130978256E-01
         2         97   9.2623550686158695E-01   2.2821561309521479E+00   1.5705820002536797E+00   2.8469167580694099E-01
         2         98   9.2623550686158695E-01   2.2821561309521479E+00   1.5705820002536797E+00   2.8469167580694099E-01
         2         99   1.3210071879108312E-01   9.1259984431312058E-01   4.7317656072219971E-01   2.3940177896400353E-01
         2        100   1.3210071879108312E-01   9.1259984431312058E-01   4.7317656072219971E-01   2.3940177896400353E-01
         2        101   1.7489765138569593E-01   7.7385783613867798E-01   4.1653938988923456E-01   1.5636173638328563E-01
         2        102   1.7489765138569593E-01   7.7385783613867798E-01   4.1653938988923456E-01   1.5636173638328563E-01
         2        103   1.0303625164643024E+00   1.8706948079018240E+00   1.4708080987499785E+00   1.6286111200932518E-01
         2        104   2.3635081677292510E-01   1.2023871882798955E+00   8.1311141589432767E-01   3.1741890062790534E-01
         2        105   2.3635081677292510E-01   1.2023871882798955E+00   8.1311141589432767E-01   3.1741890062790534E-01
         2        106   2.4496432959245587E-01   1.2353941138614664E+00   7.8296303082299656E-01   2.9247734254448715E-01
         2        107   2.4496432959245587E-01   1.2353941138614664E+00   7.8296303082299656E-01   2.9247734254448715E-01
         2        108   1.1924512707475202E-02   1.8612612616333285E-01   1.0406482709847802E-01   5.6222473722210314E-02
         2        109   9.0127415852871706E-02   4.3725469046220045E-01   2.2267737217719891E-01   1.1370088040178841E-01
         2        110   9.0127415852871706E-02   4.3725469046220045E-01   2.2267737217719891E-01   1.1370088040178841E-01
         2        111   1.2417480514110773E-02   2.5187967411746337E-01   9.7737494430516020E-02   7.6683547855726369E-02
         2        112   1.2621383945604744E-01   6.7308057193331328E-01   3.3668539157689908E-01   1.3076272764057054E-01
         2        113   8.7810434931258585E-01   2.1298240618242050E+00   1.4901443840592228E+00   2.3481184713773368E-01
         2        114   8.7810434931258585E-01   2.1298240618242050E+00   1.4901443840592228E+00   2.3481184713773368E-01
         2        115   1.0476953166423265E-01   6.7077225344215374E-01   4.0549197126876324E-01   1.6772089762249079E-01
         2        116   1.0476953166423265E-01   6.7077225344215374E-01   4.0549197126876324E-01   1.6772089762249079E-01
         2        117   1.6019024870518475E-01   6.2289617816626919E-01   3.5949079968002345E-01   1.0692528965141868E-01
         2        118   1.6019024870518475E-01   6.2289617816626919E-01   3.5949079968002345E-01   1.0692528965141868E-01
         2        119   9.3944181908433544E-01   1.6531315013393286E+00   1.3224481192662836E+00   1.3626143866360593E-01
         2        120   2.7111318174625398E-01   1.2398409906012320E+00   8.7054939259016451E-01   3.4120932711786467E-01
         2        121   2.7111318174625398E-01   1.2398409906012320E+00   8.7054939259016451E-01   3.4120932711786467E-01
         2        122   2.4913255476950660E-01   1.2814178885225742E+00   7.9340890318635204E-01   3.1335733605162597E-01
         2        123   2.4913255476950660E-01   1.2814178885225742E+00   7.9340890318635204E-01   3.1335733605162597E-01
         2        124   1.1039236228482909E-02   1.4204707882144971E-01   8.8377713294554253E-02   4.8657748856367276E-02
         2        125   9.8884816356258107E-02   2.4085787912651963E-01   1.6820182854436894E-01   3.1256367045398005E-02
         2        126   9.8884816356258107E-02   2.4085787912651963E-01   1.6820182854436894E-01   3.1256367045398005E-02
         2        127   7.9418107398144203E-03   1.4195304374238632E-01   7.9435337184314281E-02   4.4890073006194693E-02
         2        128   1.0205537441471613E-01   4.8419660574287643E-01   2.4362396377475845E-01   8.1568046300343380E-02
         2        129   6.1493972159765442E-01   1.5517107554512493E+00   1.0547862577377618E+00   2.0049106323759006E-01
         2        130   6.1493972159765442E-01   1.5517107554512493E+00   1.0547862577377618E+00   2.0049106323759006E-01
         2        131   9.4245871591370739E-02   6.4540227870450972E-01   3.2386067548638925E-01   1.7129800561432762E-01
         2        132   9.4245871591370739E-02   6.4540227870450972E-01   3.2386067548638925E-01   1.7129800561432762E-01
         2        133   1.1496441093229728E-01   5.2884824430440425E-01   2.7866913311654468E-01   1.0519746657956761E-01
         2        134   1.1496441093229728E-01   5.2884824430440425E-01   2.7866913311654468E-01   1.0519746657956761E-01
         2        135   6.8693552338368391E-01   1.2499079016874173E+00   9.8212560468178178E-01   1.0939210851774661E-01
         2        136   1.5156922340765358E-01   8.1239572498164325E-01   5.4147827437176610E-01   2.1311036974861858E-01
         2        137   1.5156922340765358E-01   8.1239572498164325E-01   5.4147827437176610E-01   2.1311036974861858E-01
         2        138   1.5927188162053307E-01   8.5478841350393453E-01   5.3002057098281830E-01   2.0010547987124280E-01
         2        139   1.5927188162053307E-01   8.5478841350393453E-01   5.3002057098281830E-01   2.0010547987124280E-01
         2        140   8.6749273943181066E-03   1.3000572111464598E-01   6.9068101492460163E-02   3.5660261055039576E-02
         2        141   4.9318906033378712E-02   3.3110831149829562E-01   1.5197726723311769E-01   9.3167323354818241E-02
         2        142   4.9318906033378712E-02   3.3110831149829562E-01   1.5197726723311769E-01   9.3167323354818241E-02
         2        143   9.8394605999020165E-03   2.1838770825496109E-01   7.0453369384498019E-02   6.4719596567306595E-02
         2        144   7.7361330533788020E-02   4.3089360018417111E-01   2.0974973917067916E-01   8.2617256567518213E-02
         2        145   5.6680856404865354E-01   1.3961004620627504E+00   9.7434864154330614E-01   1.5078906406380599E-01
         2        146   5.6680856404865354E-01   1.3961004620627504E+00   9.7434864154330614E-01   1.5078906406380599E-01
         2        147   6.9219367402559046E-02   4.1568472987644439E-01   2.5617608603295255E-01   9.9468983988618476E-02
         2        148   6.9219367402559046E-02   4.1568472987644439E-01   2.5617608603295255E-01   9.9468983988618476E-02
         2        149   9.3930673421925293E-02   3.7223894026313276E-01   2.2162054290733346E-01   5.4315575276024451E-02
         2        150   9.3930673421925293E-02   3.7223894026313276E-01   2.2162054290733346E-01   5.4315575276024451E-02
         2        151   5.9601482600371802E-01   1.0323445951249208E+00   8.3376562519808683E-01   8.2775656499732467E-02
         2        152   1.8634894919583236E-01   8.5701826447275375E-01   5.9891625106760249E-01   2.3684117561779497E-01
         2        153   1.8634894919583236E-01   8.5701826447275375E-01   5.9891625106760249E-01   2.3684117561779497E-01
         2        154   1.6768008150028629E-01   8.9555233267961820E-01   5.4046644334617411E-01   2.2185051505643369E-01
         2        155   1.6768008150028629E-01   8.9555233267961820E-01   5.4046644334617411E-01   2.2185051505643369E-01
         2        156   8.2594888185503756E-03   8.5235763994379737E-02   5.3380987688536372E-02   2.7956125283559573E-02
         2        157   6.0472835027195367E-02   1.4179456638094501E-01   9.7501723600287776E-02   1.5947026763907683E-02
         2        158   6.0472835027195367E-02   1.4179456638094501E-01   9.7501723600287776E-02   1.5947026763907683E-02
         2        159   5.9313319486043962E-03   9.0360351348661716E-02   5.2151212138296245E-02   2.8903660216056094E-02
         2        160   1.0701903655301787E-02   1.6873156696627753E-01   6.1371204723032986E-02   3.6943285950064048E-02
         2        161   8.7091507314099328E-02   4.6578089323817390E-01   2.5759601427812912E-01   9.6591648269870239E-02
         2        162   8.7091507314099328E-02   4.6578089323817390E-01   2.5759601427812912E-01   9.6591648269870239E-02
         2        163   5.8518093082767647E-03   2.9882238198102262E-01   1.2168345577752866E-01   1.0076143669909333E-01
         2        164   5.8518093082767647E-03   2.9882238198102262E-01   1.2168345577752866E-01   1.0076143669909333E-01
         2        165   1.3398682773182761E-02   2.2787710535335232E-01   7.6276694928179678E-02   5.3886623832049646E-02
         2        166   1.3398682773182761E-02   2.2787710535335232E-01   7.6276694928179678E-02   5.3886623832049646E-02
         2        167   1.1533710232778051E-01   3.0142561341703117E-01   1.9320516006568056E-01   3.8292376133223706E-02
         2        168   1.2860789628761044E-02   2.6301299779455234E-01   1.4209581590547865E-01   8.6076598910883359E-02
         2        169   1.2860789628761044E-02   2.6301299779455234E-01   1.4209581590547865E-01   8.6076598910883359E-02
         2        170   1.0831623318404291E-02   2.7363441773709885E-01   1.3599098893760231E-01   8.7252784705788192E-02
         2        171   1.0831623318404291E-02   2.7363441773709885E-01   1.3599098893760231E-01   8.7252784705788192E-02
         2        172   5.8110520821003974E-03   1.4097813777656654E-01   4.4079166796428565E-02   4.5668583494518536E-02
         2        173   5.8110520821003974E-03   1.4097813777656654E-01   4.4079166796428565E-02   4.5668583494518536E-02
         2        174   2.1306464993145762E-04   9.4770066121995719E-02   2.7214238455727284E-02   3.2229579521370788E-02
         2        175   7.8226281544285844E-03   1.7707628972213116E-01   5.5721475232022248E-02   4.0188696687407093E-02
         2        176   8.2985406078870144E-02   3.9802800860888538E-01   2.2035316881346043E-01   6.6322691814159132E-02
         2        177   8.2985406078870144E-02   3.9802800860888538E-01   2.2035316881346043E-01   6.6322691814159132E-02
         2        178   4.6310841026211309E-03   1.7517687603594864E-01   7.6940289095110123E-02   5.0911244049078687E-02
         2        179   4.6310841026211309E-03   1.7517687603594864E-01   7.6940289095110123E-02   5.0911244049078687E-02
         2        180   9.7874124335493723E-03   1.5588431525282492E-01   6.1760193085684714E-02   3.6039529082192330E-02
         2        181   9.7874124335493723E-03   1.5588431525282492E-01   6.1760193085684714E-02   3.6039529082192330E-02
         2        182   1.0130149568403610E-01   2.5438600418106028E-01   1.6755551104218358E-01   3.1129238662338212E-02
         2        183   1.4914079302535053E-02   2.7226326415671004E-01   1.6515011225707601E-01   9.8467404760328309E-02
         2        184   1.4914079302535053E-02   2.7226326415671004E-01   1.6515011225707601E-01   9.8467404760328309E-02
         2        185   1.2653820147203877E-02   2.8437832048289513E-01   1.4062102726016737E-01   9.5149490337551434E-02
         2        186   1.2653820147203877E-02   2.8437832048289513E-01   1.4062102726016737E-01   9.5149490337551434E-02
         2        187   7.3274549203328730E-03   1.1811079854955146E-01   3.9853735259442351E-02   2.2956401708331090E-02
         2        188   5.6261397814478170E-02   3.2479364030814961E-01   1.7692190915001738E-01   7.0634777871655133E-02
         2        189   5.6261397814478170E-02   3.2479364030814961E-01   1.7692190915001738E-01   7.0634777871655133E-02
         2        190   4.1422165363419940E-03   2.2042623401628653E-01   8.7518462156782134E-02   7.5166174093157928E-02
         2        191   4.1422165363419940E-03   2.2042623401628653E-01   8.7518462156782134E-02   7.5166174093157928E-02
         2        192   8.1675769798937332E-03   1.5826931826838214E-01   5.0511516536094571E-02   3.5755056288008707E-02
         2        193   8.1675769798937332E-03   1.5826931826838214E-01   5.0511516536094571E-02   3.5755056288008707E-02
         2        194   7.7215743420955246E-02   2.0198123174860538E-01   1.2903926434487095E-01   2.5835608281176911E-02
         2        195   7.8496782115568004E-03   1.7879580628383282E-01   9.3709669396570550E-02   5.7544258806610404E-02
         2        196   7.8496782115568004E-03   1.7879580628383282E-01   9.3709669396570550E-02   5.7544258806610404E-02
         2        197   6.7510907128163281E-03   1.9852918468143535E-01   9.4850361352500440E-02   6.1630260712057586E-02
         2        198   6.7510907128163281E-03   1.9852918468143535E-01   9.4850361352500440E-02   6.1630260712057586E-02
         2        199   3.0357641238867657E-03   1.1122406507864338E-01   3.1925428872593732E-02   3.6147697974018234E-02
         2        200   3.0357641238867657E-03   1.1122406507864338E-01   3.1925428872593732E-02   3.6147697974018234E-02
         2        201   1.6173004954162705E-04   9.0803221215283864E-02   2.1441829542992397E-02   2.7952874001762738E-02
         2        202   4.4481794194596623E-03   1.1917999272582944E-01   3.4204005768431564E-02   2.5587247435142024E-02
         2        203   5.2155296579248840E-02   2.5710460789763978E-01   1.3967906368534858E-01   4.0514745830559196E-02
         2        204   5.2155296579248840E-02   2.5710460789763978E-01   1.3967906368534858E-01   4.0514745830559196E-02
         2        205   2.7616221558404049E-03   9.5008027560462394E-02   4.2775295474363637E-02   2.6029737990434822E-02
         2        206   2.7616221558404049E-03   9.5008027560462394E-02   4.2775295474363637E-02   2.6029737990434822E-02
         2        207   5.8498126438938378E-03   8.7949101766291879E-02   3.5995014693599600E-02   1.7716468672268896E-02
         2        208   5.8498126438938378E-03   8.7949101766291879E-02   3.5995014693599600E-02   1.7716468672268896E-02
         2        209   6.3180136777210794E-02   1.5494162251263527E-01   1.0338961532137389E-01   1.8559289556278401E-02
         2        210   9.9983540416232666E-03   1.9328636468113264E-01   1.1676396574816782E-01   6.9952906625914246E-02
         2        211   9.9983540416232666E-03   1.9328636468113264E-01   1.1676396574816782E-01   6.9952906625914246E-02
         2        212   8.4173437616457420E-03   2.0757853286860073E-01   9.9480399675065473E-02   6.9822378984730968E-02
         2        213   8.4173437616457420E-03   2.0757853286860073E-01   9.9480399675065473E-02   6.9822378984730968E-02
         3          1   1.6500641515066619E-01   2.6135960219502596E-01   2.0811828679811312E-01   1.0000265874184271E-02
         3          2   1.1697826966547062E-01   1.9768755536866647E-01   1.5253605359315955E-01   8.2983496870681940E-03
         3          3   7.9692851790586816E-01   1.0185842236541740E+00   9.0653180732762140E-01   2.3381440836095311E-02
         3          4   2.0808940903754203E+00   2.2669430991457133E+00   2.1729395960057629E+00   2.0974000052403480E-02
         3          5   2.4370562599497908E-01   3.3050952900813729E-01   2.8833759597207365E-01   9.3376180729453882E-03
         3          6   5.7825126631462898E-01   7.5599995090370875E-01   6.6440945713050226E-01   1.8667656403710875E-02
         3          7   1.5982442298006858E+00   1.7450171419658602E+00   1.6737046573382552E+00   1.5626083594637317E-02
         3          8   3.0889927483256047E-01   4.2262586969820509E-01   3.6118377947187991E-01   1.2533457160394536E-02
         3          9   1.0168540473551597E+00   1.1121895222225426E+00   1.0683506320217195E+00   9.7362070159299312E-03
         3         10   1.2977824821161021E-01   2.0501801499960609E-01   1.6212876816659291E-01   7.8328803472038685E-03
         3         11   2.9312747494872315E-01   4.8007661437959193E-01   3.7345348323234612E-01   2.0715835964523303E-02
         3         12   1.7546595210742013E+00   2.2857748812384497E+00   1.9975458394181533E+00   5.8115934607326503E-02
         3         13   1.7546595210742013E+00   2.2857748812384497E+00   1.9975458394181533E+00   5.8115934607326503E-02
         3         14   2.7912273808107602E-01   3.8198714501739722E-01   3.2339358787299427E-01   1.0642194035311052E-02
         3         15   2.7912273808107602E-01   3.8198714501739722E-01   3.2339358787299427E-01   1.0642194035311052E-02
         3         16   2.5516000955126411E-01   3.7008507544317876E-01   3.0952349896671527E-01   1.1665185903643861E-02
         3         17   2.5516000955126411E-01   3.7008507544317876E-01   3.0952349896671527E-01   1.1665185903643861E-02
         3         18   2.1516935691078203E+00   2.5681524742674657E+00   2.3553316960965076E+00   4.6475312771512747E-02
         3         19   7.0136544170524873E-01   8.5757452086929398E-01   7.7514416925020113E-01   1.6473273226242823E-02
         3         20   7.0136544170524873E-01   8.5757452086929398E-01   7.7514416925020113E-01   1.6473273226242823E-02
         3         21   4.8061268991863310E-01   7.2702741132056914E-01   6.0849979343297456E-01   2.6922842518688254E-02
         3         22   4.8061268991863310E-01   7.2702741132056914E-01   6.0849979343297456E-01   2.6922842518688254E-02
         3         23   2.5490077647705961E-01   4.5320207799126050E-01   3.4662838854450911E-01   1.9951805729679410E-02
         3         24   1.7184879857299222E+00   2.2164387383455697E+00   1.9423354644481017E+00   5.8064950073962882E-02
         3         25   1.7184879857299222E+00   2.2164387383455697E+00   1.9423354644481017E+00   5.8064950073962882E-02
         3         26   2.7868009151210915E-01   3.7792649205521928E-01   3.2343495258930210E-01   1.0251223542743788E-02
         3         27   2.7868009151210915E-01   3.7792649205521928E-01   3.2343495258930210E-01   1.0251223542743788E-02
         3         28   1.6625500984062386E-01   2.6619182991862350E-01   2.1321207147569562E-01   1.0933457066431859E-02
         3         29   1.6625500984062386E-01   2.6619182991862350E-01   2.1321207147569562E-01   1.0933457066431859E-02
         3         30   1.8576622116851096E+00   2.2338592247214919E+00   2.0425900421372769E+00   4.2489134001219273E-02
         3         31   7.0179596751892448E-01   8.5588618758902524E-01   7.7529352031194776E-01   1.6386949264242220E-02
         3         32   7.0179596751892448E-01   8.5588618758902524E-01   7.7529352031194776E-01   1.6386949264242220E-02
         3         33   5.3363850392975454E-01   7.5070985170497906E-01   6.4482686066375206E-01   2.2582949788875956E-02
         3         34   5.3363850392975454E-01   7.5070985170497906E-01   6.4482686066375206E-01   2.2582949788875956E-02
         3         35   1.8753257363774747E-01   3.1540286755887803E-01   2.3999236433978391E-01   1.3858945146290569E-02
         3         36   1.1733349884528024E+00   1.5318389190942303E+00   1.3376800510849476E+00   3.9131839012984025E-02
         3         37   1.1733349884528024E+00   1.5318389190942303E+00   1.3376800510849476E+00   3.9131839012984025E-02
         3         38   1.7864358537341715E-01   2.6601056189956268E-01   2.2239621305720342E-01   8.9772638456088773E-03
         3         39   1.7864358537341715E-01   2.6601056189956268E-01   2.2239621305720342E-01   8.9772638456088773E-03
         3         40   1.4324989929248093E+00   1.7124026461874782E+00   1.5707162203273510E+00   3.1029645078494421E-02
         3         41   4.7383397497898005E-01   5.8066408792120106E-01   5.2311393688569618E-01   1.0810434934592760E-02
         3         42   4.7383397497898005E-01   5.8066408792120106E-01   5.2311393688569618E-01   1.0810434934592760E-02
         3         43   3.0720129846941624E-01   4.7640365768118720E-01   3.9565933181227064E-01   1.9099221307198280E-02
         3         44   3.0720129846941624E-01   4.7640365768118720E-01   3.9565933181227064E-01   1.9099221307198280E-02
         3         45   1.5173782589607165E-01   2.8402996113246776E-01   2.1316726965194691E-01   1.3299963071233956E-02
         3         46   1.1337980069422056E+00   1.4690056702753969E+00   1.2824696761148955E+00   3.9114795772189390E-02
         3         47   1.1337980069422056E+00   1.4690056702753969E+00   1.2824696761148955E+00   3.9114795772189390E-02
         3         48   1.1383609210685799E+00   1.3781093966415106E+00   1.2579745663681201E+00   2.7096681164189233E-02
         3         49   4.7429435778308909E-01   5.7897575464093365E-01   5.2326328794744270E-01   1.0705241572413128E-02
         3         50   4.7429435778308909E-01   5.7897575464093365E-01   5.2326328794744270E-01   1.0705241572413128E-02
         3         51   3.6022711248053840E-01   5.0038113081765689E-01   4.3198639904304803E-01   1.4690707318237304E-02
         3         52   3.6022711248053840E-01   5.0038113081765689E-01   4.3198639904304803E-01   1.4690707318237304E-02
         3         53   3.2894674201396873E-01   4.6561271259006254E-01   3.8974643789680780E-01   1.4811802538171288E-02
         3         54   3.2894674201396873E-01   4.6561271259006254E-01   3.8974643789680780E-01   1.4811802538171288E-02
         3         55   5.1616594777761804E-01   6.1823296920439663E-01   5.6998443988583725E-01   1.0490763935623084E-02
         3         56   3.2095110910545199E-01   4.5372870198354115E-01   3.8205328095765873E-01   1.4595965327917066E-02
         3         57   3.2095110910545199E-01   4.5372870198354115E-01   3.8205328095765873E-01   1.4595965327917066E-02
         3         58   3.8733856800932415E-01   4.7217666976052253E-01   4.3190277154837176E-01   8.6825444520179807E-03
         3         59   2.1996431053846954E-01   3.1159751001849284E-01   2.5996461210419020E-01   9.9602810037843787E-03
         3         60   2.1996431053846954E-01   3.1159751001849284E-01   2.5996461210419020E-01   9.9602810037843787E-03
         3         61   2.1196867762995436E-01   3.0066053583043562E-01   2.5227145516504124E-01   9.7430647166293141E-03
         3         62   2.1196867762995436E-01   3.0066053583043562E-01   2.5227145516504124E-01   9.7430647166293141E-03
         4          1   2.9630725136642302E-02   1.7826119902447024E-01   9.0581272286675313E-02   1.6107774337065655E-02
         4          2   6.4633141435978780E-01   7.3747567651499890E-01   6.9166256047577601E-01   9.5094403635543872E-03
         4          3   1.7132285575928607E-02   1.2411857208524787E-01   5.9188223429259147E-02   1.1751629663241309E-02
         4          4   5.5341415686951168E-01   6.3881323790805233E-01   5.9700433530292529E-01   8.7582202039646496E-03
         4          5   4.1801756567743215E-01   4.9829173064339122E-01   4.5824839337197681E-01   8.0721238605416679E-03
         4          6   5.2640236129767703E-01   9.0560853980321543E-01   7.2667704044384462E-01   3.6827072699358150E-02
         4          7   1.9345037141901023E+00   2.1804617005710778E+00   2.0700779736759225E+00   2.5451297450390025E-02
         4          8   2.4916557718842702E-01   3.2757419508946350E-01   2.8833759597207365E-01   8.9673815730767284E-03
         4          9   3.3360278961652734E-01   6.4837021925813620E-01   4.9536684876211512E-01   3.1150081820016613E-02
         4         10   1.4867005253363517E+00   1.6726911896780339E+00   1.5832781836746599E+00   1.9514586809182353E-02
         4         11   1.2973934066118259E-01   3.3857092238241515E-01   2.2588822446889370E-01   2.1179752361493106E-02
         4         12   9.4505443183671201E-01   1.0628162981922886E+00   1.0029113078563965E+00   1.2616851966973971E-02
         4         13   3.5525596641036362E-02   1.3873321628738702E-01   7.6863427079121249E-02   1.1100559629004525E-02
         4         14   5.8424769303093393E-01   6.7408736302420058E-01   6.2887033842922768E-01   9.3333261090755085E-03
         4         15   3.5847217505718143E-01   4.3922572384033653E-01   3.9813365472110385E-01   8.1005121486594361E-03
         4         16   7.9536086848556342E-02   1.8986921609479118E-01   1.3219257390917180E-01   1.1197615435292145E-02
         4         17   7.9536086848556342E-02   1.8986921609479118E-01   1.3219257390917180E-01   1.1197615435292145E-02
         4         18   6.4579885424998776E-02   1.5102021720203465E-01   1.0600974534686144E-01   8.8467088570102909E-03
         4         19   6.4579885424998776E-02   1.5102021720203465E-01   1.0600974534686144E-01   8.8467088570102909E-03
         4         20   2.0820620711294313E-02   1.2161215401215116E-01   6.2847117892728496E-02   1.1319010187584862E-02
         4         21   2.0820620711294313E-02   1.2161215401215116E-01   6.2847117892728496E-02   1.1319010187584862E-02
         4         22   2.0789343533429046E-02   1.2058569629059643E-01   6.2483871074466367E-02   1.1198234881320721E-02
         4         23   2.0789343533429046E-02   1.2058569629059643E-01   6.2483871074466367E-02   1.1198234881320721E-02
         4         24   1.3420258668641960E-01   3.7858331464771044E-01   2.4919346369562809E-01   2.4235911385642017E-02
         4         25   1.0726084478270443E+00   1.9364193636550049E+00   1.5278822091353244E+00   8.8311538229528141E-02
         4         26   1.0726084478270443E+00   1.9364193636550049E+00   1.5278822091353244E+00   8.8311538229528141E-02
         4         27   1.5507222982664404E-01   3.1497085321072638E-01   2.3953428982162434E-01   1.6206057126697676E-02
         4         28   1.5507222982664404E-01   3.1497085321072638E-01   2.3953428982162434E-01   1.6206057126697676E-02
         4         29   1.8743903491283195E-01   3.3505248939781390E-01   2.5934128043097082E-01   1.3820235089567276E-02
         4         30   1.8743903491283195E-01   3.3505248939781390E-01   2.5934128043097082E-01   1.3820235089567276E-02
         4         31   1.8476073269233437E+00   2.3721770379822544E+00   2.1327294314625065E+00   5.4063633549868283E-02
         4         32   4.6031341359897293E-01   6.8307663300859989E-01   5.7241395029679676E-01   2.6412147763999357E-02
         4         33   4.6031341359897293E-01   6.8307663300859989E-01   5.7241395029679676E-01   2.6412147763999357E-02
         4         34   6.5730233191012744E-01   8.2827634976667230E-01   7.3853009986152252E-01   1.8241956210115672E-02
         4         35   6.5730233191012744E-01   8.2827634976667230E-01   7.3853009986152252E-01   1.8241956210115672E-02
         4         36   1.1083407352975284E-01   3.5349521740563372E-01   2.2038160456549735E-01   2.4006223128576556E-02
         4         37   1.0418112069271144E+00   1.8984677403880506E+00   1.4816899415872504E+00   8.7016888182446683E-02
         4         38   1.0418112069271144E+00   1.8984677403880506E+00   1.4816899415872504E+00   8.7016888182446683E-02
         4         39   1.2446199123764458E-01   2.3890863510143936E-01   1.7970349019595785E-01   1.2886187203897765E-02
         4         40   1.2446199123764458E-01   2.3890863510143936E-01   1.7970349019595785E-01   1.2886187203897765E-02
         4         41   1.8898237394635939E-01   3.2944470702242845E-01   2.5922337517185690E-01   1.3493662062257496E-02
         4         42   1.8898237394635939E-01   3.2944470702242845E-01   2.5922337517185690E-01   1.3493662062257496E-02
         4         43   1.6018553817511230E+00   2.0614989561841490E+00   1.8459314327461676E+00   4.8221180506412359E-02
         4         44   5.1494706649570510E-01   7.3062645943754589E-01   6.2166378036276548E-01   2.2738665994989242E-02
         4         45   5.1494706649570510E-01   7.3062645943754589E-01   6.2166378036276548E-01   2.2738665994989242E-02
         4         46   6.5974043973793828E-01   8.2795222044922834E-01   7.3889283277648699E-01   1.8033903504602017E-02
         4         47   6.5974043973793828E-01   8.2795222044922834E-01   7.3889283277648699E-01   1.8033903504602017E-02
         4         48   8.9920778679362393E-02   2.4421501217824804E-01   1.6311608267774744E-01   1.5616002016314842E-02
         4         49   7.1980590077626316E-01   1.2996865948635370E+00   1.0267006047930576E+00   5.9361701743755768E-02
         4         50   7.1980590077626316E-01   1.2996865948635370E+00   1.0267006047930576E+00   5.9361701743755768E-02
         4         51   1.0896910412308695E-01   2.2824238711631364E-01   1.7347697455739838E-01   1.2234136752589372E-02
         4         52   1.0896910412308695E-01   2.2824238711631364E-01   1.7347697455739838E-01   1.2234136752589372E-02
         4         53   1.1980912163050164E-01   2.1700946741077370E-01   1.6696373439881826E-01   9.0521965016181795E-03
         4         54   1.1980912163050164E-01   2.1700946741077370E-01   1.6696373439881826E-01   9.0521965016181795E-03
         4         55   1.2251306946305913E+00   1.5813970805238842E+00   1.4200299504641667E+00   3.6643880959723471E-02
         4         56   2.9820355045827607E-01   4.5824178179981195E-01   3.7655917053201060E-01   1.9219308575796595E-02
         4         57   2.9820355045827607E-01   4.5824178179981195E-01   3.7655917053201060E-01   1.9219308575796595E-02
         4         58   4.3819392565538717E-01   5.4943721256690825E-01   4.9046102893037169E-01   1.1862840729797573E-02
         4         59   4.3819392565538717E-01   5.4943721256690825E-01   4.9046102893037169E-01   1.1862840729797573E-02
         4         60   6.6552265522695719E-02   2.1912691493617109E-01   1.3430422354761667E-01   1.5592100583563124E-02
         4         61   6.8900865987633209E-01   1.2617349715965895E+00   9.8050833724498365E-01   5.8107418722656574E-02
         4         62   6.8900865987633209E-01   1.2617349715965895E+00   9.8050833724498365E-01   5.8107418722656574E-02
         4         63   1.2135246066402917E-01   2.1140168503538848E-01   1.6684582913970428E-01   8.7723508760231862E-03
         4         64   1.2135246066402917E-01   2.1140168503538848E-01   1.6684582913970428E-01   8.7723508760231862E-03
         4         65   9.7937874945836934E-01   1.2707189987257692E+00   1.1332319517478278E+00   3.0793359020613493E-02
         4         66   3.5196289756287447E-01   4.9959130973392724E-01   4.2580900059797938E-01   1.5363403551834165E-02
         4         67   3.5196289756287447E-01   4.9959130973392724E-01   4.2580900059797938E-01   1.5363403551834165E-02
         4         68   4.4106709916496079E-01   5.5002288622398465E-01   4.9082376184533588E-01   1.1680273673139004E-02
         4         69   4.4106709916496079E-01   5.5002288622398465E-01   4.9082376184533588E-01   1.1680273673139004E-02
         4         70   1.2959443545156274E-01   3.4316780175149530E-01   2.2886549795651073E-01   2.2399610393701742E-02
         4         71   1.2959443545156274E-01   3.4316780175149530E-01   2.2886549795651073E-01   2.2399610393701742E-02
         4         72   4.4563164255113064E-01   5.6378608690635934E-01   5.0186818703145086E-01   1.2717497481851336E-02
         4         73   1.2651848984649436E-01   3.3687423212759715E-01   2.2434731225997881E-01   2.1762867775999298E-02
         4         74   1.2651848984649436E-01   3.3687423212759715E-01   2.2434731225997881E-01   2.1762867775999298E-02
         4         75   3.1173847331182208E-01   4.1044335317747516E-01   3.5718662596431100E-01   1.0522786696512351E-02
         4         76   8.6679264332106015E-02   2.2999664486634694E-01   1.5333389969003852E-01   1.5069191922003802E-02
         4         77   8.6679264332106015E-02   2.2999664486634694E-01   1.5333389969003852E-01   1.5069191922003802E-02
         4         78   2.9778982254875569E-01   3.7587876669705222E-01   3.3472248794853837E-01   8.5269836383560452E-03
         4         79   8.3603318727037565E-02   2.2370307524244945E-01   1.4881571399350663E-01   1.4440562155775234E-02
         4         80   8.3603318727037565E-02   2.2370307524244945E-01   1.4881571399350663E-01   1.4440562155775234E-02
