################################################################################
# Symmetry function scaling data.
################################################################################
# Col  Name     Description
################################################################################
# 1    e_index  Element index.
# 2    sf_index Symmetry function index.
# 3    sf_min   Symmetry function minimum.
# 4    sf_max   Symmetry function maximum.
# 5    sf_mean  Symmetry function mean.
# 6    sf_sigma Symmetry function sigma.
#########################################################################################################################
#        1          2                        3                        4                        5                        6
#  e_index   sf_index                   sf_min                   sf_max                  sf_mean                 sf_sigma
#########################################################################################################################
         1          1   4.0634616911393840E-05   3.2009270426450265E-01   1.0922306831164000E-01   6.3345987034271869E-02
         1          2   4.2218793085131817E-01   6.5363213598438652E-01   5.3776057204113625E-01   2.7437394400641770E-02
         1          3   7.9413743474145898E-02   1.5783419202512011E-01   1.0404721709380925E-01   6.1433895831520214E-03
         1          4   9.0120907375349799E-07   1.4540475854102347E-01   4.5255468936589799E-02   2.9556905442386323E-02
         1          5   1.8390445036308778E-05   2.7303519252794117E-01   7.5847580026552994E-02   4.5429377380862286E-02
         1          6   3.5334090934114831E-01   5.4732521006136559E-01   4.4404501549938141E-01   2.2018376488948183E-02
         1          7   3.9876597032050902E-07   1.0428492066321264E-01   2.9566394399437729E-02   1.9381310727175204E-02
         1          8   4.0044237972553414E-06   2.0467724871696938E-01   3.8491236499602760E-02   2.4851278669918757E-02
         1          9   2.6956860306134506E-01   4.1515377890075789E-01   3.3280751856108626E-01   1.6117083348581654E-02
         1         10   4.7404618469172629E-07   1.3962980328666189E-01   1.5590127308916664E-02   1.1515244504739805E-02
         1         11   2.0850436333796435E-01   3.1490921313977316E-01   2.5233704417237141E-01   1.1425420809003566E-02
         1         12   2.7251993555791038E-01   9.5521045307324426E-01   6.9209619726710525E-01   1.8754982390772010E-01
         1         13   1.7555390979701586E+00   2.2548955885024879E+00   2.0094252953454856E+00   8.4171672807426462E-02
         1         14   3.7749601257233650E-01   5.9511719463318957E-01   4.5331681704917454E-01   2.4825010581841583E-02
         1         15   1.7368174144527143E-01   6.4870282399641777E-01   3.6320298674027524E-01   1.2708901549775856E-01
         1         16   1.4378611892228810E-01   7.1843687755314234E-01   4.8158885306076116E-01   1.5894359821690293E-01
         1         17   1.2844702852944438E+00   1.6897625518961563E+00   1.4937502762761510E+00   6.5028683323597611E-02
         1         18   2.7401671095202501E-01   4.4989702097655793E-01   3.3223829908581087E-01   1.9049276216784952E-02
         1         19   9.3155852518969684E-02   4.8618157159185299E-01   2.4758877366418180E-01   1.0280231976168670E-01
         1         20   3.5634564593823873E-02   4.4966258665688991E-01   2.3370283263284633E-01   1.0043100397585224E-01
         1         21   7.2954223895156001E-01   9.9047341657623689E-01   8.7015369622237015E-01   3.7880069408465833E-02
         1         22   1.4279144095932167E-01   2.5591900944511653E-01   1.8059839934660615E-01   1.0508419877117694E-02
         1         23   2.4073956943891233E-02   2.6291888497221794E-01   1.1289397786533951E-01   5.8064548794165394E-02
         1         24   4.6933908441086488E-03   2.8329249734933387E-01   8.9766526388130194E-02   4.7395250562971419E-02
         1         25   4.0343494719856232E-01   5.8331673179720400E-01   4.8945331549412657E-01   2.0851531687693312E-02
         1         26   3.3346928986809537E-03   1.1392501104650755E-01   3.8406455684540583E-02   2.2599750450024794E-02
         1         27   3.4999390934688696E-04   1.7426344996932155E-01   2.8632534236283060E-02   1.8159166693139474E-02
         1         28   2.5456806286476436E-01   3.7987483875452743E-01   3.0751238514026835E-01   1.3263781835373299E-02
         1         29   1.4139004978167322E-01   2.2122131023877586E-01   1.7842068097051211E-01   7.4192855021642575E-03
         1         30   4.8060990472236029E-03   9.9730003295318059E-02   4.1840860635746907E-02   1.9050129399104734E-02
         1         31   4.8060990472236029E-03   9.9730003295318059E-02   4.1840860635746907E-02   1.9050129399104734E-02
         1         32   3.1341722261369193E-02   1.9807363550656920E-01   1.2282599475985706E-01   4.3369947481311164E-02
         1         33   3.1341722261369193E-02   1.9807363550656920E-01   1.2282599475985706E-01   4.3369947481311164E-02
         1         34   1.0766156779196204E-01   1.8968235673171391E-01   1.4358378217317286E-01   1.5703844817907840E-02
         1         35   1.7771392144703843E-02   1.5734863431827395E-01   6.9072900321644148E-02   3.5555249095157948E-02
         1         36   1.7771392144703843E-02   1.5734863431827395E-01   6.9072900321644148E-02   3.5555249095157948E-02
         1         37   2.7569782162293215E-02   1.5854703467396666E-01   9.9629738931237694E-02   3.3691676362574717E-02
         1         38   2.7569782162293215E-02   1.5854703467396666E-01   9.9629738931237694E-02   3.3691676362574717E-02
         1         39   1.5641809929994255E-02   1.2989913614608625E-01   5.9609254635025172E-02   2.9029589093536205E-02
         1         40   1.5641809929994255E-02   1.2989913614608625E-01   5.9609254635025172E-02   2.9029589093536205E-02
         1         41   1.6959643493396025E-05   2.2832904347135050E-01   6.3661477427946617E-02   3.8299320856725536E-02
         1         42   1.6959643493396025E-05   2.2832904347135050E-01   6.3661477427946617E-02   3.8299320856725536E-02
         1         43   4.7059470956189502E-02   2.0445225877933743E-01   1.1832032089085495E-01   1.7764699581267519E-02
         1         44   6.5628317712632187E-07   9.7482106069454885E-02   3.0093722610547893E-02   1.8518351874184463E-02
         1         45   6.5628317712632187E-07   9.7482106069454885E-02   3.0093722610547893E-02   1.8518351874184463E-02
         1         46   2.7319301228338728E-05   1.4361696915080965E-01   5.2654192590778102E-02   3.0218167992808249E-02
         1         47   2.7319301228338728E-05   1.4361696915080965E-01   5.2654192590778102E-02   3.0218167992808249E-02
         1         48   5.1933179572762361E-02   1.3670707880689845E-01   8.7543799042281600E-02   1.2347120007651095E-02
         1         49   1.9241830056644547E-07   8.8420850942015197E-02   1.9587346168842276E-02   1.5087890029457870E-02
         1         50   1.9241830056644547E-07   8.8420850942015197E-02   1.9587346168842276E-02   1.5087890029457870E-02
         1         51   1.0811278835159818E-05   1.7384728376512490E-01   4.1499748362378353E-02   2.6219090438471319E-02
         1         52   1.0811278835159818E-05   1.7384728376512490E-01   4.1499748362378353E-02   2.6219090438471319E-02
         1         53   2.7727051090220500E-02   1.4993518060197564E-01   8.4733809918916339E-02   1.4789417147683753E-02
         1         54   2.1170936570102507E-05   8.9135209444584029E-02   3.0492463525209866E-02   1.7330479646405939E-02
         1         55   2.1170936570102507E-05   8.9135209444584029E-02   3.0492463525209866E-02   1.7330479646405939E-02
         1         56   7.8942285962353624E-07   1.0096761060876297E-01   1.5346927482426767E-02   1.0736278914511810E-02
         1         57   7.8942285962353624E-07   1.0096761060876297E-01   1.5346927482426767E-02   1.0736278914511810E-02
         1         58   4.8508809373424090E-07   8.1958464406282808E-02   1.0394400257117213E-02   8.0172521383941563E-03
         1         59   4.8508809373424090E-07   8.1958464406282808E-02   1.0394400257117213E-02   8.0172521383941563E-03
         1         60   3.4947930357610159E-02   4.5499899568450342E-01   2.5417174589391178E-01   1.0984438966077557E-01
         1         61   5.6365152935467289E-01   1.9778014550526291E+00   1.3817934165927119E+00   3.4955710710948057E-01
         1         62   5.6365152935467289E-01   1.9778014550526291E+00   1.3817934165927119E+00   3.4955710710948057E-01
         1         63   1.0662143473596780E-01   5.5182809015747913E-01   3.1271309618862603E-01   8.9405522181650585E-02
         1         64   1.0662143473596780E-01   5.5182809015747913E-01   3.1271309618862603E-01   8.9405522181650585E-02
         1         65   1.2853607037340622E-01   3.5577988936110022E-01   2.3073312974743940E-01   2.3402115071336153E-02
         1         66   1.2853607037340622E-01   3.5577988936110022E-01   2.3073312974743940E-01   2.3402115071336153E-02
         1         67   1.4540657473046108E+00   2.5077639211418750E+00   1.9739941099109295E+00   1.7078473218450629E-01
         1         68   5.9784948130999949E-01   1.2827806440329459E+00   8.3122741518021936E-01   7.3528418031912249E-02
         1         69   5.9784948130999949E-01   1.2827806440329459E+00   8.3122741518021936E-01   7.3528418031912249E-02
         1         70   3.3358707209230576E-01   1.4335314192004294E+00   7.8549628881209699E-01   2.9661084699888457E-01
         1         71   3.3358707209230576E-01   1.4335314192004294E+00   7.8549628881209699E-01   2.9661084699888457E-01
         1         72   3.4177015492211971E-02   1.5057571861115501E-01   6.5490745599962735E-02   1.2164660825083766E-02
         1         73   9.7926860467564866E-02   3.5878083720314369E-01   2.1169631807580469E-01   6.1130686889250371E-02
         1         74   9.7926860467564866E-02   3.5878083720314369E-01   2.1169631807580469E-01   6.1130686889250371E-02
         1         75   1.1794289985808337E-02   2.0144654535055490E-01   5.8269885226240103E-02   5.4674183931171662E-02
         1         76   3.0244391439220718E-02   3.4692490159917905E-01   1.9642607523033365E-01   8.2358802709694728E-02
         1         77   5.8364866737887255E-01   1.9328372120558897E+00   1.3723041945143608E+00   3.3815749424194691E-01
         1         78   5.8364866737887255E-01   1.9328372120558897E+00   1.3723041945143608E+00   3.3815749424194691E-01
         1         79   1.1457367835707789E-01   4.6938873743097498E-01   3.1297717969908806E-01   8.0744162879440015E-02
         1         80   1.1457367835707789E-01   4.6938873743097498E-01   3.1297717969908806E-01   8.0744162879440015E-02
         1         81   1.2956173664807388E-01   3.2500420117962681E-01   2.2582334737073265E-01   2.2711363918565455E-02
         1         82   1.2956173664807388E-01   3.2500420117962681E-01   2.2582334737073265E-01   2.2711363918565455E-02
         1         83   1.3895392762627210E+00   2.2789975927104495E+00   1.8074158113182901E+00   1.6364515393145621E-01
         1         84   7.7842860174921291E-01   1.3423084602767170E+00   9.9195140399752957E-01   7.2886521459463810E-02
         1         85   7.7842860174921291E-01   1.3423084602767170E+00   9.9195140399752957E-01   7.2886521459463810E-02
         1         86   2.9523083230446784E-01   1.3558754260378718E+00   6.9364027434568387E-01   2.9055664726247588E-01
         1         87   2.9523083230446784E-01   1.3558754260378718E+00   6.9364027434568387E-01   2.9055664726247588E-01
         1         88   5.1470979703718146E-02   2.3981805035077230E-01   1.1806827409445814E-01   5.9216380312971037E-02
         1         89   5.1470979703718146E-02   2.3981805035077230E-01   1.1806827409445814E-01   5.9216380312971037E-02
         1         90   1.0777187040807863E-02   1.4696819686106863E-01   5.9891812265614304E-02   3.9338706945844321E-02
         1         91   2.4376455955386293E-02   3.1407190761909815E-01   1.8014416922650070E-01   7.6295264254732514E-02
         1         92   3.6377332496454245E-01   1.3342219569086113E+00   9.0186163494340166E-01   2.2709005626363093E-01
         1         93   3.6377332496454245E-01   1.3342219569086113E+00   9.0186163494340166E-01   2.2709005626363093E-01
         1         94   6.2743263456107937E-02   4.0159495245062021E-01   2.0481239461879683E-01   6.0441487210762201E-02
         1         95   6.2743263456107937E-02   4.0159495245062021E-01   2.0481239461879683E-01   6.0441487210762201E-02
         1         96   7.5383542266567127E-02   2.2546665240704789E-01   1.4187536726259109E-01   1.6268670209866422E-02
         1         97   7.5383542266567127E-02   2.2546665240704789E-01   1.4187536726259109E-01   1.6268670209866422E-02
         1         98   9.5138884368929388E-01   1.6892448149103192E+00   1.3275379730409145E+00   1.0989746296572990E-01
         1         99   3.8193017594075424E-01   8.6888224866494201E-01   5.4106013769692940E-01   4.8157760778047953E-02
         1        100   3.8193017594075424E-01   8.6888224866494201E-01   5.4106013769692940E-01   4.8157760778047953E-02
         1        101   2.2226896360257170E-01   9.6416513409610483E-01   5.5200347801898753E-01   1.9496238588691905E-01
         1        102   2.2226896360257170E-01   9.6416513409610483E-01   5.5200347801898753E-01   1.9496238588691905E-01
         1        103   1.4138678121847270E-02   1.0011304991054679E-01   3.4132085775669736E-02   8.2610908446205354E-03
         1        104   6.4970120707353016E-02   2.6367657038432468E-01   1.5803814085073026E-01   4.0941607237146002E-02
         1        105   6.4970120707353016E-02   2.6367657038432468E-01   1.5803814085073026E-01   4.0941607237146002E-02
         1        106   8.3494969104879746E-03   1.4528173160230839E-01   3.8269727582207230E-02   3.8202707244572344E-02
         1        107   2.1021644610059776E-02   2.1677788710131005E-01   1.2239849856292255E-01   4.8802957123387676E-02
         1        108   3.8945340871150641E-01   1.2558992586111635E+00   8.9237241286505098E-01   2.1469193832419911E-01
         1        109   3.8945340871150641E-01   1.2558992586111635E+00   8.9237241286505098E-01   2.1469193832419911E-01
         1        110   7.6832072054413336E-02   3.1196324694522004E-01   2.0507647812925878E-01   5.0749343724400139E-02
         1        111   7.6832072054413336E-02   3.1196324694522004E-01   2.0507647812925878E-01   5.0749343724400139E-02
         1        112   7.0620499240350396E-02   2.1233680379223027E-01   1.3696558488588437E-01   1.5301273754451995E-02
         1        113   7.0620499240350396E-02   2.1233680379223027E-01   1.3696558488588437E-01   1.5301273754451995E-02
         1        114   9.0861081690555223E-01   1.4581599683419431E+00   1.1609596744482757E+00   1.0159226831068269E-01
         1        115   5.6504252675696665E-01   9.3323348197994160E-01   7.0178412651423960E-01   4.6925726250549082E-02
         1        116   5.6504252675696665E-01   9.3323348197994160E-01   7.0178412651423960E-01   4.6925726250549082E-02
         1        117   1.8941876410868089E-01   8.8371376196001006E-01   4.6014746355257419E-01   1.8865207426868869E-01
         1        118   1.8941876410868089E-01   8.8371376196001006E-01   4.6014746355257419E-01   1.8865207426868869E-01
         1        119   2.3394668999901648E-02   1.4444766436263048E-01   6.4410096869383690E-02   3.8341425873310471E-02
         1        120   2.3394668999901648E-02   1.4444766436263048E-01   6.4410096869383690E-02   3.8341425873310471E-02
         1        121   7.7070862341506877E-03   9.0734036951004279E-02   3.9891654621581445E-02   2.2772484154491273E-02
         1        122   6.1374486080718427E-04   7.7201760065780611E-02   3.0617179298729726E-02   1.7420206306295944E-02
         1        123   3.1412407173949636E-02   4.6131659561904287E-01   2.0673244644839206E-01   8.9461474256319437E-02
         1        124   3.1412407173949636E-02   4.6131659561904287E-01   2.0673244644839206E-01   8.9461474256319437E-02
         1        125   5.3140197554236530E-03   1.1564049011254757E-01   4.3864302690145622E-02   2.0316220211089024E-02
         1        126   5.3140197554236530E-03   1.1564049011254757E-01   4.3864302690145622E-02   2.0316220211089024E-02
         1        127   2.0782707839854445E-01   4.6708510582408019E-01   3.4421640781960272E-01   3.4572179275246043E-02
         1        128   7.9852469718899408E-02   2.1607007883838031E-01   1.2469624695781174E-01   1.2664413714799752E-02
         1        129   7.9852469718899408E-02   2.1607007883838031E-01   1.2469624695781174E-01   1.2664413714799752E-02
         1        130   1.9929942981347634E-02   2.7063334106202896E-01   1.1365313880104699E-01   5.7561066093449888E-02
         1        131   1.9929942981347634E-02   2.7063334106202896E-01   1.1365313880104699E-01   5.7561066093449888E-02
         1        132   3.4021609361855408E-02   3.6357359033444053E-01   1.9478667262635935E-01   8.0260192729334962E-02
         1        133   3.4021609361855408E-02   3.6357359033444053E-01   1.9478667262635935E-01   8.0260192729334962E-02
         1        134   2.1570864369147993E-01   3.9366499716564995E-01   2.9733499660720192E-01   3.1308978666877853E-02
         1        135   1.4185709813827083E-01   2.7167465904131305E-01   1.8977485832294316E-01   1.3835101806239871E-02
         1        136   1.4185709813827083E-01   2.7167465904131305E-01   1.8977485832294316E-01   1.3835101806239871E-02
         1        137   1.6159190317137272E-02   2.4579655302602210E-01   8.6340227257803784E-02   5.3231805293261124E-02
         1        138   1.6159190317137272E-02   2.4579655302602210E-01   8.6340227257803784E-02   5.3231805293261124E-02
         1        139   2.0314354428335509E-02   3.3273146699389522E-01   1.3373855584062816E-01   5.8586272875004113E-02
         1        140   2.0314354428335509E-02   3.3273146699389522E-01   1.3373855584062816E-01   5.8586272875004113E-02
         1        141   2.8143751100300255E-03   8.9269326738706495E-02   2.8759636202679465E-02   1.3902135959944398E-02
         1        142   2.8143751100300255E-03   8.9269326738706495E-02   2.8759636202679465E-02   1.3902135959944398E-02
         1        143   1.3119247393354275E-01   3.2401361484251728E-01   2.3654247741238599E-01   2.4459455504409186E-02
         1        144   4.7009369468443321E-02   1.4243357651110486E-01   7.9425658866057222E-02   8.5481834500578634E-03
         1        145   4.7009369468443321E-02   1.4243357651110486E-01   7.9425658866057222E-02   8.5481834500578634E-03
         1        146   1.3032434500371578E-02   1.8167073892619412E-01   8.3501167771243431E-02   3.7842870314282087E-02
         1        147   1.3032434500371578E-02   1.8167073892619412E-01   8.3501167771243431E-02   3.7842870314282087E-02
         1        148   2.3762916117571600E-02   2.3498846170929244E-01   1.2179278201859550E-01   4.8484163944924531E-02
         1        149   2.3762916117571600E-02   2.3498846170929244E-01   1.2179278201859550E-01   4.8484163944924531E-02
         1        150   1.4193824154897253E-01   2.4787193424455253E-01   1.8966106619998521E-01   1.8729604249336288E-02
         1        151   1.1037562094693024E-01   1.9864234864098881E-01   1.4450427023118859E-01   9.2309967603170385E-03
         1        152   1.1037562094693024E-01   1.9864234864098881E-01   1.4450427023118859E-01   9.2309967603170385E-03
         1        153   9.7747612011525268E-03   1.5683395089018784E-01   5.6188256228000208E-02   3.3191768354694846E-02
         1        154   9.7747612011525268E-03   1.5683395089018784E-01   5.6188256228000208E-02   3.3191768354694846E-02
         1        155   8.2222721813368855E-05   8.0578766221801462E-02   1.0592726409028884E-02   7.4075737653754217E-03
         1        156   8.2222721813368855E-05   8.0578766221801462E-02   1.0592726409028884E-02   7.4075737653754217E-03
         2          1   4.6282189364142030E-02   4.7488899247514360E-01   2.3900469868494939E-01   1.2420716985920155E-01
         2          2   2.3465869612815340E-01   4.5137245365689566E-01   3.2904626243326679E-01   4.1963542273568237E-02
         2          3   1.1690531960256318E-05   2.7569048819902209E-01   1.6865383499880340E-01   1.1564845175153372E-01
         2          4   1.3819278170566361E-06   3.5164247670332738E-01   1.5369163035144703E-01   1.3629980457699237E-01
         2          5   2.9213018038908849E-02   4.0621790365333871E-01   1.9735334022194728E-01   1.1836494716210476E-01
         2          6   1.6011774030527667E-01   3.2650503826394767E-01   2.3345939545667083E-01   3.1033964231756542E-02
         2          7   5.2725575554046111E-06   2.3586126598736804E-01   1.4187674647625834E-01   9.8277544813628923E-02
         2          8   6.0989551020659504E-07   3.1431704395922583E-01   1.3265914073482496E-01   1.2138779168058209E-01
         2          9   1.1465010408603279E-02   3.2039229779237538E-01   1.4791445269381615E-01   1.1021177371994367E-01
         2         10   7.7544152157871166E-02   1.7787421693604638E-01   1.2224479114959844E-01   1.7457256872848204E-02
         2         11   1.1403458582803324E-06   1.7585387687914059E-01   1.0236953162332296E-01   7.1732130577418660E-02
         2         12   1.2650999854472750E-07   2.5390968296883676E-01   1.0182749441586417E-01   9.6627642773094408E-02
         2         13   3.0235692846979430E-03   2.5869708458752044E-01   1.1214979740994287E-01   1.0080750442429702E-01
         2         14   1.3370390492277457E-07   1.1705577112982460E-01   6.5234919951743464E-02   4.6048385808385883E-02
         2         15   1.3987836050916831E-08   1.8869472646675201E-01   7.1813599795491984E-02   6.9705780470926404E-02
         2         16   6.6683557830473864E-07   1.3254353577797176E-01   4.6114583301128970E-02   5.1359108189839645E-02
         2         17   3.5770710699002711E-10   7.8421421480551853E-02   2.4005530973278653E-02   2.7030730815669181E-02
         2         18   5.6953727384070518E-01   1.2509452793249989E+00   8.9307790904243789E-01   1.6317362214904396E-01
         2         19   1.4505494707662421E+00   1.9345466787444598E+00   1.7199521081570130E+00   9.1025460016134610E-02
         2         20   1.7503921530880745E-01   6.5995049908248593E-01   4.8285249913666672E-01   1.7701681567440336E-01
         2         21   1.6072650176132622E-01   7.2115193261779287E-01   4.5997486117754571E-01   1.8398723059378561E-01
         2         22   3.6856776931902091E-01   9.9747706428360172E-01   6.6388901167828929E-01   1.5621850070783974E-01
         2         23   1.0041216900270746E+00   1.4216083360486782E+00   1.2236555895499852E+00   8.1675837140027283E-02
         2         24   9.9930366862878234E-02   5.3335283950928825E-01   3.7192129374085831E-01   1.6742262183815809E-01
         2         25   8.6263573492907808E-02   5.9843835565677106E-01   3.5180659190385266E-01   1.7706593202186155E-01
         2         26   1.5048968128790524E-01   6.6147958762869752E-01   3.8673497609883128E-01   1.3973765800407281E-01
         2         27   4.9175474787199935E-01   7.7814669996252106E-01   6.2643766594886718E-01   5.7252988791326717E-02
         2         28   2.6877182364522953E-02   3.6430450172333112E-01   2.3740941950152081E-01   1.3741101511196963E-01
         2         29   2.2462301934246538E-02   4.4447285148833171E-01   2.2284961399788170E-01   1.5422930716060571E-01
         2         30   4.4429444192530247E-02   4.2977825329440544E-01   2.1753480688627852E-01   1.2395801958997278E-01
         2         31   1.9192556399795233E-01   3.4674472664419204E-01   2.5926270914637273E-01   3.0209395788557452E-02
         2         32   3.6330735733156711E-03   2.3855668894136661E-01   1.4476724871093527E-01   9.6149267697579546E-02
         2         33   3.0399934088665157E-03   3.2247064098792250E-01   1.3973925559972347E-01   1.2009003500407259E-01
         2         34   9.9156040521460199E-03   3.0155892321380340E-01   1.3667217117345262E-01   1.1090854529976787E-01
         2         35   2.7559062919379844E-04   1.4649977554093191E-01   8.3576745687032925E-02   5.8274165344586445E-02
         2         36   2.1247058211850263E-04   2.2544890666192582E-01   8.8469292557011914E-02   8.3696592421948809E-02
         2         37   2.1541171310253168E-04   2.0402400160539777E-01   7.9298080431338736E-02   8.3971849724746014E-02
         2         38   3.3060979709451657E-07   9.6393377034309391E-02   3.3232202611073326E-02   3.2669584530802404E-02
         2         39   1.2022209802480355E-07   1.1956691386601773E-01   4.0006221531334311E-02   4.4780085392786627E-02
         2         40   1.5503332691251684E-02   9.0660338316509673E-02   4.9317974484703674E-02   2.0825961076554444E-02
         2         41   1.5503332691251684E-02   9.0660338316509673E-02   4.9317974484703674E-02   2.0825961076554444E-02
         2         42   6.6051453545224278E-02   2.1662145520634352E-01   1.3776542666040650E-01   2.6675716323097086E-02
         2         43   6.6051453545224278E-02   2.1662145520634352E-01   1.3776542666040650E-01   2.6675716323097086E-02
         2         44   2.0993386912863055E-02   1.5689578589087622E-01   1.0373285913052463E-01   5.0977338143735153E-02
         2         45   2.0993386912863055E-02   1.5689578589087622E-01   1.0373285913052463E-01   5.0977338143735153E-02
         2         46   1.6809026640429867E-02   1.5752509444724352E-01   8.9227354389491420E-02   4.7335670986200409E-02
         2         47   1.6809026640429867E-02   1.5752509444724352E-01   8.9227354389491420E-02   4.7335670986200409E-02
         2         48   5.5072591769131818E-02   1.7508970360759710E-01   1.1248460841051133E-01   2.0441216115421181E-02
         2         49   5.5072591769131818E-02   1.7508970360759710E-01   1.1248460841051133E-01   2.0441216115421181E-02
         2         50   1.8984514369292809E-02   1.2995577878269696E-01   8.7245222957837293E-02   4.1700010652496358E-02
         2         51   1.8984514369292809E-02   1.2995577878269696E-01   8.7245222957837293E-02   4.1700010652496358E-02
         2         52   1.5068600132309802E-02   1.3429428151801240E-01   7.6183869383565028E-02   3.9609606699579060E-02
         2         53   1.5068600132309802E-02   1.3429428151801240E-01   7.6183869383565028E-02   3.9609606699579060E-02
         2         54   1.4089781307512534E-02   1.8292794520538905E-01   8.8712226544624434E-02   4.8699094142419228E-02
         2         55   1.4089781307512534E-02   1.8292794520538905E-01   8.8712226544624434E-02   4.8699094142419228E-02
         2         56   2.3281454822492587E-06   1.6821905555047403E-01   6.3461441924852605E-02   6.2518623230041426E-02
         2         57   2.3281454822492587E-06   1.6821905555047403E-01   6.3461441924852605E-02   6.2518623230041426E-02
         2         58   5.5128390413134228E-07   1.2970806646467029E-01   2.6917953735684806E-02   2.8257371260848808E-02
         2         59   5.5128390413134228E-07   1.2970806646467029E-01   2.6917953735684806E-02   2.8257371260848808E-02
         2         60   2.5709547178304804E-02   1.0082734394879481E-01   5.2023264484100475E-02   1.5625187840955325E-02
         2         61   2.2638556514751789E-06   1.1202246305938084E-01   5.0293049300840470E-02   3.6778770568508160E-02
         2         62   2.2638556514751789E-06   1.1202246305938084E-01   5.0293049300840470E-02   3.6778770568508160E-02
         2         63   3.6933581828909925E-07   1.1731723517548943E-01   4.8859327847902159E-02   4.0375449062206255E-02
         2         64   3.6933581828909925E-07   1.1731723517548943E-01   4.8859327847902159E-02   4.0375449062206255E-02
         2         65   2.7585163817006985E-07   8.0004590250065635E-02   1.7512053090304510E-02   2.8062973685722657E-02
         2         66   2.7585163817006985E-07   8.0004590250065635E-02   1.7512053090304510E-02   2.8062973685722657E-02
         2         67   4.3846182907282273E-04   7.8517072038639418E-02   1.6623176657058574E-02   1.5909599111855167E-02
         2         68   1.3890848161674206E-02   1.3903398443647677E-01   6.2959648441340554E-02   2.5759209789229173E-02
         2         69   1.3890848161674206E-02   1.3903398443647677E-01   6.2959648441340554E-02   2.5759209789229173E-02
         2         70   1.2612209624131985E-06   8.1179546051278570E-02   2.9311337248072528E-02   2.4156206200076566E-02
         2         71   1.2612209624131985E-06   8.1179546051278570E-02   2.9311337248072528E-02   2.4156206200076566E-02
         2         72   3.4797723011906719E-07   7.6403144053533711E-02   1.9613108057144221E-02   1.8088478903172903E-02
         2         73   3.4797723011906719E-07   7.6403144053533711E-02   1.9613108057144221E-02   1.8088478903172903E-02
         2         74   3.4626279141765207E-06   1.1995596535228416E-01   6.5223721854939742E-02   4.5080432697979164E-02
         2         75   3.4626279141765207E-06   1.1995596535228416E-01   6.5223721854939742E-02   4.5080432697979164E-02
         2         76   4.1742995729709739E-07   1.2924935109386884E-01   5.2166410561438531E-02   4.4974670349895607E-02
         2         77   4.1742995729709739E-07   1.2924935109386884E-01   5.2166410561438531E-02   4.4974670349895607E-02
         2         78   8.6584254991801599E-03   1.3289150722239726E-01   6.3358302458787708E-02   3.7374267296382470E-02
         2         79   8.6584254991801599E-03   1.3289150722239726E-01   6.3358302458787708E-02   3.7374267296382470E-02
         2         80   1.7406313638425109E-06   1.2781890196722961E-01   4.7593913312589935E-02   4.8122278852374634E-02
         2         81   1.7406313638425109E-06   1.2781890196722961E-01   4.7593913312589935E-02   4.8122278852374634E-02
         2         82   3.7680005160887641E-07   9.6934407539580908E-02   1.7571117653684177E-02   1.9022362798441734E-02
         2         83   3.7680005160887641E-07   9.6934407539580908E-02   1.7571117653684177E-02   1.9022362798441734E-02
         2         84   1.2545351413409112E-06   7.6279314689094088E-02   3.2503189172498961E-02   2.4431471830750822E-02
         2         85   1.2545351413409112E-06   7.6279314689094088E-02   3.2503189172498961E-02   2.4431471830750822E-02
         2         86   1.9509625099961809E-07   8.7780265992428039E-02   3.5306628673852293E-02   2.9410001762957525E-02
         2         87   1.9509625099961809E-07   8.7780265992428039E-02   3.5306628673852293E-02   2.9410001762957525E-02
         2         88   8.4594923533418305E-03   9.1737628924461356E-02   3.7605724355503772E-02   1.4590792021783015E-02
         2         89   8.4594923533418305E-03   9.1737628924461356E-02   3.7605724355503772E-02   1.4590792021783015E-02
         2         90   2.4533074040422526E-06   8.5523883548035237E-02   4.7433861726598234E-02   3.2725399182997383E-02
         2         91   2.4533074040422526E-06   8.5523883548035237E-02   4.7433861726598234E-02   3.2725399182997383E-02
         2         92   2.7652790051389590E-07   9.8074789612713806E-02   3.8613711387388658E-02   3.4136379672268805E-02
         2         93   2.7652790051389590E-07   9.8074789612713806E-02   3.8613711387388658E-02   3.4136379672268805E-02
         2         94   1.0663098929034385E-07   7.6327934586886484E-02   2.8840724396859054E-02   3.0743958493042095E-02
         2         95   1.0663098929034385E-07   7.6327934586886484E-02   2.8840724396859054E-02   3.0743958493042095E-02
         2         96   1.5283922550429510E-01   7.0512906179136370E-01   3.7051999880366515E-01   1.2822830976396907E-01
         2         97   9.2623540261669490E-01   2.2821559559816200E+00   1.5703265748374828E+00   2.8471760039972882E-01
         2         98   9.2623540261669490E-01   2.2821559559816200E+00   1.5703265748374828E+00   2.8471760039972882E-01
         2         99   1.3210070004146676E-01   9.0595823812696041E-01   4.7313773079270749E-01   2.3946516835930157E-01
         2        100   1.3210070004146676E-01   9.0595823812696041E-01   4.7313773079270749E-01   2.3946516835930157E-01
         2        101   1.8259903839009198E-01   7.7385778932945659E-01   4.1643681205691802E-01   1.5628623281574469E-01
         2        102   1.8259903839009198E-01   7.7385778932945659E-01   4.1643681205691802E-01   1.5628623281574469E-01
         2        103   1.0303624032574197E+00   1.8706946506035569E+00   1.4705380307434124E+00   1.6298569845889441E-01
         2        104   2.3635078241851765E-01   1.2023870995592063E+00   8.1298960229538864E-01   3.1751508875977374E-01
         2        105   2.3635078241851765E-01   1.2023870995592063E+00   8.1298960229538864E-01   3.1751508875977374E-01
         2        106   2.4709379596423897E-01   1.2353940209598306E+00   7.8280649118361911E-01   2.9254951350897501E-01
         2        107   2.4709379596423897E-01   1.2353940209598306E+00   7.8280649118361911E-01   2.9254951350897501E-01
         2        108   1.1924510209625431E-02   1.8612611438134086E-01   1.0405874506368627E-01   5.6237198647831811E-02
         2        109   9.3817216582683813E-02   4.3664749165768724E-01   2.2262299632253810E-01   1.1373930304779115E-01
         2        110   9.3817216582683813E-02   4.3664749165768724E-01   2.2262299632253810E-01   1.1373930304779115E-01
         2        111   1.2823008285292833E-02   2.5187966028221809E-01   9.7731752526331664E-02   7.6707316556454436E-02
         2        112   1.2621382189658120E-01   6.7308053029306270E-01   3.3659820941221030E-01   1.3076419877059550E-01
         2        113   8.7810424973992296E-01   2.1211488443746811E+00   1.4898301021141507E+00   2.3485769621274674E-01
         2        114   8.7810424973992296E-01   2.1211488443746811E+00   1.4898301021141507E+00   2.3485769621274674E-01
         2        115   1.0476951545568992E-01   6.6836480365309081E-01   4.0547721112799651E-01   1.6783475851062790E-01
         2        116   1.0476951545568992E-01   6.6836480365309081E-01   4.0547721112799651E-01   1.6783475851062790E-01
         2        117   1.6312422730533513E-01   6.2289613372860020E-01   3.5936006444090751E-01   1.0688359362054220E-01
         2        118   1.6312422730533513E-01   6.2289613372860020E-01   3.5936006444090751E-01   1.0688359362054220E-01
         2        119   9.3944171235103657E-01   1.6531313559383098E+00   1.3222303819728431E+00   1.3633269478017829E-01
         2        120   2.7111314350496296E-01   1.2515756936330769E+00   8.7047145923989044E-01   3.4128920746507679E-01
         2        121   2.7111314350496296E-01   1.2515756936330769E+00   8.7047145923989044E-01   3.4128920746507679E-01
         2        122   2.5381849359960368E-01   1.2814177913188829E+00   7.9327552860969541E-01   3.1344056640217832E-01
         2        123   2.5381849359960368E-01   1.2814177913188829E+00   7.9327552860969541E-01   3.1344056640217832E-01
         2        124   1.1293788357394816E-02   1.4203698714833096E-01   8.8381585444975166E-02   4.8667283430385608E-02
         2        125   9.6603030100626333E-02   2.4085786071914955E-01   1.6815692227506551E-01   3.1269224676409198E-02
         2        126   9.6603030100626333E-02   2.4085786071914955E-01   1.6815692227506551E-01   3.1269224676409198E-02
         2        127   8.2298751582806952E-03   1.3980368095449758E-01   7.9433346839632754E-02   4.4900707272620653E-02
         2        128   1.0205536165733328E-01   4.8419657501815444E-01   2.4361597862556950E-01   8.1644720229425524E-02
         2        129   6.1493965169051401E-01   1.5517106379712924E+00   1.0546302358087112E+00   2.0050562437521413E-01
         2        130   6.1493965169051401E-01   1.5517106379712924E+00   1.0546302358087112E+00   2.0050562437521413E-01
         2        131   9.4245858315602782E-02   6.4540224234488419E-01   3.2382740663168930E-01   1.7132709285242848E-01
         2        132   9.4245858315602782E-02   6.4540224234488419E-01   3.2382740663168930E-01   1.7132709285242848E-01
         2        133   1.1496439548547747E-01   5.2884821032456886E-01   2.7860862181998580E-01   1.0515489824240849E-01
         2        134   1.1496439548547747E-01   5.2884821032456886E-01   2.7860862181998580E-01   1.0515489824240849E-01
         2        135   6.8693544805907225E-01   1.2499077967677892E+00   9.8193316030454569E-01   1.0948817582519975E-01
         2        136   1.5156920062471221E-01   8.1239566552976183E-01   5.4138889197473561E-01   2.1318133772351838E-01
         2        137   1.5156920062471221E-01   8.1239566552976183E-01   5.4138889197473561E-01   2.1318133772351838E-01
         2        138   1.5958602067433919E-01   8.5478835114232410E-01   5.2990200645298191E-01   2.0014836659332091E-01
         2        139   1.5958602067433919E-01   8.5478835114232410E-01   5.2990200645298191E-01   2.0014836659332091E-01
         2        140   8.6749255305974913E-03   1.3000571290492835E-01   6.9061460915989248E-02   3.5669668431189447E-02
         2        141   4.9318899039732043E-02   3.3081317664860466E-01   1.5193980215315678E-01   9.3196225236056876E-02
         2        142   4.9318899039732043E-02   3.3081317664860466E-01   1.5193980215315678E-01   9.3196225236056876E-02
         2        143   1.0324968933995747E-02   2.1807766133377263E-01   7.0448319152621314E-02   6.4735977947617415E-02
         2        144   7.7361319107645599E-02   4.2451157957334407E-01   2.0969418923411479E-01   8.2621485724835853E-02
         2        145   5.6680849881374273E-01   1.3866753001637715E+00   9.7413376308537991E-01   1.5082083497731993E-01
         2        146   5.6680849881374273E-01   1.3866753001637715E+00   9.7413376308537991E-01   1.5082083497731993E-01
         2        147   6.9948334717611374E-02   4.1492221868928542E-01   2.5616688696697826E-01   9.9544093280265672E-02
         2        148   6.9948334717611374E-02   4.1492221868928542E-01   2.5616688696697826E-01   9.9544093280265672E-02
         2        149   9.9371741165899682E-02   3.7223891239550794E-01   2.2153187420397519E-01   5.4295055883512404E-02
         2        150   9.9371741165899682E-02   3.7223891239550794E-01   2.2153187420397519E-01   5.4295055883512404E-02
         2        151   5.9601475715268970E-01   1.0323445021025375E+00   8.3362551153397668E-01   8.2818426163873610E-02
         2        152   1.8634892324433946E-01   8.6429866420683421E-01   5.9887074891923775E-01   2.3689560191587944E-01
         2        153   1.8634892324433946E-01   8.6429866420683421E-01   5.9887074891923775E-01   2.3689560191587944E-01
         2        154   1.6982726447552510E-01   8.9555226697023971E-01   5.4037104387905854E-01   2.2190344195070683E-01
         2        155   1.6982726447552510E-01   8.9555226697023971E-01   5.4037104387905854E-01   2.2190344195070683E-01
         2        156   8.2594872680379610E-03   8.5235757135749671E-02   5.3384301297278169E-02   2.7960950145140471E-02
         2        157   5.9167512088399481E-02   1.4213166301787214E-01   9.7473728105684207E-02   1.5947521062043262E-02
         2        158   5.9167512088399481E-02   1.4213166301787214E-01   9.7473728105684207E-02   1.5947521062043262E-02
         2        159   6.1507867517414851E-03   9.0360344092576331E-02   5.2149913465922397E-02   2.8910856767409853E-02
         2        160   1.0701901874549270E-02   1.6775788523533350E-01   6.1368728039641947E-02   3.6956437958349617E-02
         2        161   8.7091494979813860E-02   4.5633537405269703E-01   2.5755336457492078E-01   9.6596687914083962E-02
         2        162   8.7091494979813860E-02   4.5633537405269703E-01   2.5755336457492078E-01   9.6596687914083962E-02
         2        163   5.8518081300043207E-03   2.9202481066734226E-01   1.2168774608445178E-01   1.0077368348517314E-01
         2        164   5.8518081300043207E-03   2.9202481066734226E-01   1.2168774608445178E-01   1.0077368348517314E-01
         2        165   1.3408225435810123E-02   2.2849081946172539E-01   7.6245655463701129E-02   5.3844528216215611E-02
         2        166   1.3408225435810123E-02   2.2849081946172539E-01   7.6245655463701129E-02   5.3844528216215611E-02
         2        167   1.1533708768443005E-01   3.0142558255335172E-01   1.9315387012431048E-01   3.8312124828299814E-02
         2        168   1.2860787228278032E-02   2.6301297569925569E-01   1.4207668287565114E-01   8.6079918942889161E-02
         2        169   1.2860787228278032E-02   2.6301297569925569E-01   1.4207668287565114E-01   8.6079918942889161E-02
         2        170   1.1302345414182371E-02   2.7363439551971291E-01   1.3595238996956463E-01   8.7241211442219149E-02
         2        171   1.1302345414182371E-02   2.7363439551971291E-01   1.3595238996956463E-01   8.7241211442219149E-02
         2        172   6.1063852938590965E-03   1.4035893923805776E-01   4.4068984853454132E-02   4.5675435009087578E-02
         2        173   6.1063852938590965E-03   1.4035893923805776E-01   4.4068984853454132E-02   4.5675435009087578E-02
         2        174   2.2285881789343930E-04   9.3944855505563377E-02   2.7213718682407635E-02   3.2231231412049664E-02
         2        175   7.8226267192826465E-03   1.7341401369151288E-01   5.5699151133832545E-02   4.0185296232603800E-02
         2        176   8.2985394419567302E-02   3.9030213090418331E-01   2.2028215714316815E-01   6.6312258027151086E-02
         2        177   8.2985394419567302E-02   3.9030213090418331E-01   2.2028215714316815E-01   6.6312258027151086E-02
         2        178   4.6595482013604512E-03   1.6994103705775687E-01   7.6941022556695118E-02   5.0917879956889546E-02
         2        179   4.6595482013604512E-03   1.6994103705775687E-01   7.6941022556695118E-02   5.0917879956889546E-02
         2        180   1.0050261851260860E-02   1.5588430449115645E-01   6.1727384399592515E-02   3.6015184578760857E-02
         2        181   1.0050261851260860E-02   1.5588430449115645E-01   6.1727384399592515E-02   3.6015184578760857E-02
         2        182   1.0130148259115636E-01   2.5438597748722536E-01   1.6751891369397715E-01   3.1144591181827823E-02
         2        183   1.4375050793251595E-02   2.7182094449304417E-01   1.6514148131088563E-01   9.8472810939188998E-02
         2        184   1.4375050793251595E-02   2.7182094449304417E-01   1.6514148131088563E-01   9.8472810939188998E-02
         2        185   1.2653817700132027E-02   2.8437829750371602E-01   1.4059171388658714E-01   9.5148312098619056E-02
         2        186   1.2653817700132027E-02   2.8437829750371602E-01   1.4059171388658714E-01   9.5148312098619056E-02
         2        187   7.3274537177640594E-03   1.1811078935922635E-01   3.9860316010587163E-02   2.2971470185978761E-02
         2        188   5.6261389718613879E-02   3.1753085934995473E-01   1.7689895992917451E-01   7.0640487980351718E-02
         2        189   5.6261389718613879E-02   3.1753085934995473E-01   1.7689895992917451E-01   7.0640487980351718E-02
         2        190   4.1422156992419329E-03   2.1773170068966533E-01   8.7520572388829723E-02   7.5175236231087683E-02
         2        191   4.1422156992419329E-03   2.1773170068966533E-01   8.7520572388829723E-02   7.5175236231087683E-02
         2        192   8.1675755469825286E-03   1.6605733892137747E-01   5.0493586114839888E-02   3.5730020880986341E-02
         2        193   8.1675755469825286E-03   1.6605733892137747E-01   5.0493586114839888E-02   3.5730020880986341E-02
         2        194   7.7215733645331783E-02   2.0198121110920506E-01   1.2900228945389935E-01   2.5849520407723533E-02
         2        195   7.8496766932291424E-03   1.7879579133689474E-01   9.3695936174686661E-02   5.7546535139183952E-02
         2        196   7.8496766932291424E-03   1.7879579133689474E-01   9.3695936174686661E-02   5.7546535139183952E-02
         2        197   6.9610923471909152E-03   1.9781975124838413E-01   9.4820265106220838E-02   6.1617725724433171E-02
         2        198   6.9610923471909152E-03   1.9781975124838413E-01   9.4820265106220838E-02   6.1617725724433171E-02
         2        199   3.3284160214541629E-03   1.1082081297006476E-01   3.1919470940563827E-02   3.6152735179519585E-02
         2        200   3.3284160214541629E-03   1.1082081297006476E-01   3.1919470940563827E-02   3.6152735179519585E-02
         2        201   1.7371365024916301E-04   8.8164654603714240E-02   2.1440642789443784E-02   2.7951912285885821E-02
         2        202   4.4481785624974433E-03   1.1917998467610404E-01   3.4190739104777747E-02   2.5586733581059756E-02
         2        203   5.2155289158367507E-02   2.5416589658788846E-01   1.3962775249742188E-01   4.0504599290554194E-02
         2        204   5.2155289158367507E-02   2.5416589658788846E-01   1.3962775249742188E-01   4.0504599290554194E-02
         2        205   2.8320048897071768E-03   9.0297598201785539E-02   4.2773848861073077E-02   2.6033839809781467E-02
         2        206   2.8320048897071768E-03   9.0297598201785539E-02   4.2773848861073077E-02   2.6033839809781467E-02
         2        207   5.9728467520419846E-03   8.7949094989533336E-02   3.5975315050731267E-02   1.7706965194038360E-02
         2        208   5.9728467520419846E-03   8.7949094989533336E-02   3.5975315050731267E-02   1.7706965194038360E-02
         2        209   6.3180128552057860E-02   1.5494160604307805E-01   1.0336733302356603E-01   1.8569129369663664E-02
         2        210   9.5260130760879518E-03   1.9328634912095907E-01   1.1676073460992116E-01   6.9957510828313849E-02
         2        211   9.5260130760879518E-03   1.9328634912095907E-01   1.1676073460992116E-01   6.9957510828313849E-02
         2        212   8.4173421378103807E-03   2.0757851662740479E-01   9.9459589023243436E-02   6.9820291677231167E-02
         2        213   8.4173421378103807E-03   2.0757851662740479E-01   9.9459589023243436E-02   6.9820291677231167E-02
         3          1   1.6676763115614157E-01   2.6135958822379146E-01   2.0809443418761850E-01   9.9342326966384842E-03
         3          2   1.1869419176760410E-01   1.9768754375652794E-01   1.5251341258378370E-01   8.2422047888897846E-03
         3          3   8.0454358566510153E-01   1.0215657191860834E+00   9.0663363409834907E-01   2.3184612354587752E-02
         3          4   2.0821601212069130E+00   2.2669430126335470E+00   2.1728362461149993E+00   2.0932754232371738E-02
         3          5   2.4832485127115864E-01   3.2464765126852796E-01   2.8823543259806167E-01   9.3632593539900461E-03
         3          6   5.8232286210430784E-01   7.6404134785842348E-01   6.6447659817162175E-01   1.8520797598357636E-02
         3          7   1.6092444661737624E+00   1.7450170764570299E+00   1.6736458218338619E+00   1.5597206722547829E-02
         3          8   3.0889925866529988E-01   4.2898916890128352E-01   3.6119679869321236E-01   1.2447901868354075E-02
         3          9   1.0269309867946947E+00   1.1120210785253957E+00   1.0683423877568436E+00   9.6942062645934118E-03
         3         10   1.3075982504210140E-01   2.0501800327843400E-01   1.6211601872119591E-01   7.7806702501726395E-03
         3         11   2.9387476344956831E-01   4.8007657507792262E-01   3.7354730797636898E-01   2.0529241041667097E-02
         3         12   1.7546593764809713E+00   2.2927991212803187E+00   1.9977169327915867E+00   5.7647770509917935E-02
         3         13   1.7546593764809713E+00   2.2927991212803187E+00   1.9977169327915867E+00   5.7647770509917935E-02
         3         14   2.7912271321375270E-01   3.7648408229255054E-01   3.2344946772019623E-01   1.0548731678556324E-02
         3         15   2.7912271321375270E-01   3.7648408229255054E-01   3.2344946772019623E-01   1.0548731678556324E-02
         3         16   2.5731911760854237E-01   3.7008504022556754E-01   3.0948132204350542E-01   1.1594958346127778E-02
         3         17   2.5731911760854237E-01   3.7008504022556754E-01   3.0948132204350542E-01   1.1594958346127778E-02
         3         18   2.1622119813001048E+00   2.5681522782632631E+00   2.3550975485766252E+00   4.6406523032435115E-02
         3         19   7.0136537969052304E-01   8.5757445076115690E-01   7.7515070064422509E-01   1.6329292685136439E-02
         3         20   7.0136537969052304E-01   8.5757445076115690E-01   7.7515070064422509E-01   1.6329292685136439E-02
         3         21   4.9203376156566703E-01   7.1770005716438634E-01   6.0821684027518130E-01   2.7039158964668686E-02
         3         22   4.9203376156566703E-01   7.1770005716438634E-01   6.0821684027518130E-01   2.7039158964668686E-02
         3         23   2.5639126597576611E-01   4.5699969486434139E-01   3.4670896455893790E-01   1.9798327319337325E-02
         3         24   1.7184878436953874E+00   2.2216922980925924E+00   1.9424168160685180E+00   5.7676082609356777E-02
         3         25   1.7184878436953874E+00   2.2216922980925924E+00   1.9424168160685180E+00   5.7676082609356777E-02
         3         26   2.7868006629906306E-01   3.7792646002843372E-01   3.2348732603060404E-01   1.0163214227382417E-02
         3         27   2.7868006629906306E-01   3.7792646002843372E-01   3.2348732603060404E-01   1.0163214227382417E-02
         3         28   1.6625498877203096E-01   2.6619180079647303E-01   2.1312776208891826E-01   1.0961453710933483E-02
         3         29   1.6625498877203096E-01   2.6619180079647303E-01   2.1312776208891826E-01   1.0961453710933483E-02
         3         30   1.8576620543373614E+00   2.2338590409042238E+00   2.0423730097458002E+00   4.2380197488528219E-02
         3         31   7.0540859038771053E-01   8.5588611752124943E-01   7.7529806723743400E-01   1.6242495919929108E-02
         3         32   7.0540859038771053E-01   8.5588611752124943E-01   7.7529806723743400E-01   1.6242495919929108E-02
         3         33   5.4486879003279465E-01   7.4721142132567064E-01   6.4460829029883693E-01   2.2592192111229641E-02
         3         34   5.4486879003279465E-01   7.4721142132567064E-01   6.4460829029883693E-01   2.2592192111229641E-02
         3         35   1.8753255656558077E-01   3.1540284173753608E-01   2.4004656070995403E-01   1.3732839094896339E-02
         3         36   1.1733348915249013E+00   1.5399764656395358E+00   1.3378178094117466E+00   3.8806345953048521E-02
         3         37   1.1733348915249013E+00   1.5399764656395358E+00   1.3378178094117466E+00   3.8806345953048521E-02
         3         38   1.7864356718740576E-01   2.6633596183153774E-01   2.2236583762810030E-01   8.9125846013459326E-03
         3         39   1.7864356718740576E-01   2.6633596183153774E-01   2.2236583762810030E-01   8.9125846013459326E-03
         3         40   1.4396591742523750E+00   1.7124025155220060E+00   1.5705549364881370E+00   3.0981919482220722E-02
         3         41   4.7383393317628569E-01   5.8066404045205344E-01   5.2312496936185260E-01   1.0704420439331145E-02
         3         42   4.7383393317628569E-01   5.8066404045205344E-01   5.2312496936185260E-01   1.0704420439331145E-02
         3         43   3.1284435399090899E-01   4.7317989065791721E-01   3.9545291332355365E-01   1.9201227934309506E-02
         3         44   3.1284435399090899E-01   4.7317989065791721E-01   3.9545291332355365E-01   1.9201227934309506E-02
         3         45   1.5173781044849316E-01   2.8711978139413141E-01   2.1320821729252301E-01   1.3204806754806982E-02
         3         46   1.1337979129856182E+00   1.4688696424518093E+00   1.2825176926886770E+00   3.8868618335544627E-02
         3         47   1.1337979129856182E+00   1.4688696424518093E+00   1.2825176926886770E+00   3.8868618335544627E-02
         3         48   1.1383608196641728E+00   1.3781092781629649E+00   1.2578303976573120E+00   2.7009141451301809E-02
         3         49   4.7822379882588606E-01   5.7897570721214719E-01   5.2327233595506162E-01   1.0598484103838466E-02
         3         50   4.7822379882588606E-01   5.7897570721214719E-01   5.2327233595506162E-01   1.0598484103838466E-02
         3         51   3.6378082768950887E-01   5.0038108215307964E-01   4.3184436334720910E-01   1.4685470894080056E-02
         3         52   3.6378082768950887E-01   5.0038108215307964E-01   4.3184436334720910E-01   1.4685470894080056E-02
         3         53   3.3090507396296831E-01   4.7303082160189480E-01   3.8975825646219969E-01   1.4710067311481998E-02
         3         54   3.3090507396296831E-01   4.7303082160189480E-01   3.8975825646219969E-01   1.4710067311481998E-02
         3         55   5.2657040314793491E-01   6.1752670928159126E-01   5.6997766103827807E-01   1.0446406153749737E-02
         3         56   3.2445313171570800E-01   4.6182495019800368E-01   3.8206242302077859E-01   1.4501069992410309E-02
         3         57   3.2445313171570800E-01   4.6182495019800368E-01   3.8206242302077859E-01   1.4501069992410309E-02
         3         58   3.9818035897025011E-01   4.7193210816822151E-01   4.3188528129891807E-01   8.6544883836841436E-03
         3         59   2.1946715691083740E-01   3.1689074932665001E-01   2.5997421420570738E-01   9.8909443542390882E-03
         3         60   2.1946715691083740E-01   3.1689074932665001E-01   2.5997421420570738E-01   9.8909443542390882E-03
         3         61   2.1384640125301027E-01   3.0568487792276017E-01   2.5227838076428621E-01   9.6803220377530072E-03
         3         62   2.1384640125301027E-01   3.0568487792276017E-01   2.5227838076428621E-01   9.6803220377530072E-03
         4          1   2.9630720052502637E-02   1.7826118503818950E-01   9.0510937873179584E-02   1.6009479094931028E-02
         4          2   6.4644924307883989E-01   7.3747565487114874E-01   6.9161233658151133E-01   9.4384915168543790E-03
         4          3   1.7132282429466246E-02   1.2411856145418473E-01   5.9132788798875444E-02   1.1692131349917643E-02
         4          4   5.5341413801057937E-01   6.3881321909787625E-01   5.9696613330671244E-01   8.6942615824944745E-03
         4          5   4.1801755000217866E-01   4.9829171389645543E-01   4.5822372487138879E-01   8.0170182311220979E-03
         4          6   5.2640232719333047E-01   9.0560849992009096E-01   7.2640597348055047E-01   3.6645635210274391E-02
         4          7   1.9483887150672550E+00   2.1804616152394831E+00   2.0698868752989559E+00   2.5397869342908240E-02
         4          8   2.4820026146829199E-01   3.2470939170455404E-01   2.8823543259806161E-01   8.9836044294956917E-03
         4          9   3.3360276572281333E-01   6.4837018957866566E-01   4.9517754732836361E-01   3.0964923207239280E-02
         4         10   1.4963620784219283E+00   1.6726911255544497E+00   1.5831296635673373E+00   1.9445154335920409E-02
         4         11   1.2973932930629117E-01   3.3857090366469528E-01   2.2578795573067903E-01   2.1043750151514350E-02
         4         12   9.4505439703982097E-01   1.0628162594235731E+00   1.0028232629904674E+00   1.2541805788005374E-02
         4         13   3.5525592630954554E-02   1.3873320619755844E-01   7.6812911369081166E-02   1.1042770166330500E-02
         4         14   5.8424767109566933E-01   6.7379270023180360E-01   6.2882665019875583E-01   9.2676495879258133E-03
         4         15   3.5863516753371383E-01   4.3922570708470293E-01   3.9811181650655370E-01   8.0466740537789155E-03
         4         16   7.9536077183208626E-02   1.8986919890754173E-01   1.3211417808531647E-01   1.1118182735799176E-02
         4         17   7.9536077183208626E-02   1.8986919890754173E-01   1.3211417808531647E-01   1.1118182735799176E-02
         4         18   6.4579877516643097E-02   1.5102020344863779E-01   1.0594502448593984E-01   8.7834732915451248E-03
         4         19   6.4579877516643097E-02   1.5102020344863779E-01   1.0594502448593984E-01   8.7834732915451248E-03
         4         20   2.0820616474207684E-02   1.2161214044367732E-01   6.2793781221783224E-02   1.1246548313747782E-02
         4         21   2.0820616474207684E-02   1.2161214044367732E-01   6.2793781221783224E-02   1.1246548313747782E-02
         4         22   2.0789339358562402E-02   1.2058568288614001E-01   6.2429638290176587E-02   1.1127474652629327E-02
         4         23   2.0789339358562402E-02   1.2058568288614001E-01   6.2429638290176587E-02   1.1127474652629327E-02
         4         24   1.3420256918150444E-01   3.7858328007517639E-01   2.4901880038117902E-01   2.4096319626928410E-02
         4         25   1.0726083364050638E+00   1.9364192011144625E+00   1.5272045904985196E+00   8.7873698194338531E-02
         4         26   1.0726083364050638E+00   1.9364192011144625E+00   1.5272045904985196E+00   8.7873698194338531E-02
         4         27   1.6253822045854566E-01   3.1221806895727128E-01   2.3937909660621620E-01   1.6141368216991754E-02
         4         28   1.6253822045854566E-01   3.1221806895727128E-01   2.3937909660621620E-01   1.6141368216991754E-02
         4         29   1.8743901393710688E-01   3.3505246091966429E-01   2.5926076305857682E-01   1.3747732521793123E-02
         4         30   1.8743901393710688E-01   3.3505246091966429E-01   2.5926076305857682E-01   1.3747732521793123E-02
         4         31   1.8738336555726747E+00   2.3721768522243472E+00   2.1323057306660860E+00   5.3980785850585973E-02
         4         32   4.6031336309816595E-01   6.7859816397258799E-01   5.7209878452242913E-01   2.6498458149116125E-02
         4         33   4.6031336309816595E-01   6.7859816397258799E-01   5.7209878452242913E-01   2.6498458149116125E-02
         4         34   6.5986421838444842E-01   8.2827627964423289E-01   7.3850263964629059E-01   1.8127357618457504E-02
         4         35   6.5986421838444842E-01   8.2827627964423289E-01   7.3850263964629059E-01   1.8127357618457504E-02
         4         36   1.1083405818012086E-01   3.5349518526043988E-01   2.2017719502224867E-01   2.3896523712473850E-02
         4         37   1.0418110984653453E+00   1.8984675802679696E+00   1.4809598554948322E+00   8.6623806840276679E-02
         4         38   1.0418110984653453E+00   1.8984675802679696E+00   1.4809598554948322E+00   8.6623806840276679E-02
         4         39   1.2757623029703058E-01   2.3890860779875017E-01   1.7955423067722331E-01   1.2867618252654775E-02
         4         40   1.2757623029703058E-01   2.3890860779875017E-01   1.7955423067722331E-01   1.2867618252654775E-02
         4         41   1.8898235288042475E-01   3.2944467872749217E-01   2.5914094003923271E-01   1.3421279053630737E-02
         4         42   1.8898235288042475E-01   3.2944467872749217E-01   2.5914094003923271E-01   1.3421279053630737E-02
         4         43   1.6256961128984662E+00   2.0614987810758709E+00   1.8455874186046330E+00   4.8093042443913457E-02
         4         44   5.2012377360984063E-01   7.2161306557215632E-01   6.2144674484098927E-01   2.2700823225169850E-02
         4         45   5.2012377360984063E-01   7.2161306557215632E-01   6.2144674484098927E-01   2.2700823225169850E-02
         4         46   6.6375326856061434E-01   8.2795215159622759E-01   7.3886857924339822E-01   1.7919176375890970E-02
         4         47   6.6375326856061434E-01   8.2795215159622759E-01   7.3886857924339822E-01   1.7919176375890970E-02
         4         48   8.9920766907232719E-02   2.4421498946025269E-01   1.6301623058547568E-01   1.5526922932567222E-02
         4         49   7.1980582606137944E-01   1.2996864858754908E+00   1.0262491728177838E+00   5.9065245972411251E-02
         4         50   7.1980582606137944E-01   1.2996864858754908E+00   1.0262491728177838E+00   5.9065245972411251E-02
         4         51   1.1574568389240453E-01   2.2824236438500556E-01   1.7337952930004732E-01   1.2186552612672595E-02
         4         52   1.1574568389240453E-01   2.2824236438500556E-01   1.7337952930004732E-01   1.2186552612672595E-02
         4         53   1.1980910834350106E-01   2.1700944910363029E-01   1.6689411301450538E-01   8.9970672842621044E-03
         4         54   1.1980910834350106E-01   2.1700944910363029E-01   1.6689411301450538E-01   8.9970672842621044E-03
         4         55   1.2426724109782687E+00   1.5813969567098130E+00   1.4197265350630819E+00   3.6601236151985579E-02
         4         56   2.9820351755651142E-01   4.5496178679183408E-01   3.7631764388297700E-01   1.9302936929068131E-02
         4         57   2.9820351755651142E-01   4.5496178679183408E-01   3.7631764388297700E-01   1.9302936929068131E-02
         4         58   4.4098957258554472E-01   5.4943716594474790E-01   4.9045539391412846E-01   1.1787985016994563E-02
         4         59   4.4098957258554472E-01   5.4943716594474790E-01   4.9045539391412846E-01   1.1787985016994563E-02
         4         60   6.6552255905849289E-02   2.1912689464551552E-01   1.3417462522654533E-01   1.5531055448842625E-02
         4         61   6.8900858812165877E-01   1.2617348650289995E+00   9.8000443781409607E-01   5.7856258698046996E-02
         4         62   6.8900858812165877E-01   1.2617348650289995E+00   9.8000443781409607E-01   5.7856258698046996E-02
         4         63   1.2135244728681896E-01   2.1140166691145837E-01   1.6677428999516133E-01   8.7154406478760008E-03
         4         64   1.2135244728681896E-01   2.1140166691145837E-01   1.6677428999516133E-01   8.7154406478760008E-03
         4         65   9.9286214129409733E-01   1.2707188855613383E+00   1.1330082230016294E+00   3.0705623902074795E-02
         4         66   3.5697228058915353E-01   4.9466405382527973E-01   4.2566560420153715E-01   1.5324841504557707E-02
         4         67   3.5697228058915353E-01   4.9466405382527973E-01   4.2566560420153715E-01   1.5324841504557707E-02
         4         68   4.4365883308640791E-01   5.5002284045810068E-01   4.9082133351123619E-01   1.1604555452368631E-02
         4         69   4.4365883308640791E-01   5.5002284045810068E-01   4.9082133351123619E-01   1.1604555452368631E-02
         4         70   1.2959441951405690E-01   3.4316776981194641E-01   2.2874921876780047E-01   2.2245090537486870E-02
         4         71   1.2959441951405690E-01   3.4316776981194641E-01   2.2874921876780047E-01   2.2245090537486870E-02
         4         72   4.4563160983304673E-01   5.6378604583344882E-01   5.0177808068125906E-01   1.2643299696180431E-02
         4         73   1.2651847433593805E-01   3.3687420083337188E-01   2.2421896864213278E-01   2.1609148624079141E-02
         4         74   1.2651847433593805E-01   3.3687420083337188E-01   2.2421896864213278E-01   2.1609148624079141E-02
         4         75   3.1173844585829535E-01   4.1044331927826999E-01   3.5710664799026109E-01   1.0461408180147824E-02
         4         76   8.6679253667129932E-02   2.2999662343516450E-01   1.5325738223241786E-01   1.4966166029048877E-02
         4         77   8.6679253667129932E-02   2.2999662343516450E-01   1.5325738223241786E-01   1.4966166029048877E-02
         4         78   2.9791022465903461E-01   3.7587873933991084E-01   3.3465701457154545E-01   8.4786269645056329E-03
         4         79   8.3603308489011083E-02   2.2370305445658958E-01   1.4872713210675012E-01   1.4338451733282393E-02
         4         80   8.3603308489011083E-02   2.2370305445658958E-01   1.4872713210675012E-01   1.4338451733282393E-02
