################################################################################
# Symmetry function scaling data.
################################################################################
# Col  Name     Description
################################################################################
# 1    e_index  Element index.
# 2    sf_index Symmetry function index.
# 3    sf_min   Symmetry function minimum.
# 4    sf_max   Symmetry function maximum.
# 5    sf_mean  Symmetry function mean.
# 6    sf_sigma Symmetry function sigma.
#########################################################################################################################
#        1          2                        3                        4                        5                        6
#  e_index   sf_index                   sf_min                   sf_max                  sf_mean                 sf_sigma
#########################################################################################################################
         1          1   4.0634616911393840E-05   3.2009270426450265E-01   1.0911562653514982E-01   6.3264987034893333E-02
         1          2   4.2218793085131817E-01   6.5363213598438652E-01   5.3784853768302243E-01   2.7088592341319950E-02
         1          3   7.8925841977498939E-02   1.5783419202512011E-01   1.0401829941143134E-01   6.1048290402006128E-03
         1          4   9.0120907375349799E-07   1.4540475854102347E-01   4.5311532682442597E-02   2.9442084053762092E-02
         1          5   1.8390445036308778E-05   2.7303519252794117E-01   7.5748241196595623E-02   4.5342990607632354E-02
         1          6   3.5334090934114831E-01   5.4732521006136559E-01   4.4414247095927667E-01   2.1738278380214002E-02
         1          7   3.9876597032050902E-07   1.0428492066321264E-01   2.9592304633874651E-02   1.9296549392506163E-02
         1          8   4.0044237972553414E-06   2.0467724871696938E-01   3.8412533400418870E-02   2.4767910553144753E-02
         1          9   2.6956860306134506E-01   4.1515377890075789E-01   3.3291014786364947E-01   1.5967752765972790E-02
         1         10   4.7404618469172629E-07   1.3962980328666189E-01   1.5538761727493159E-02   1.1449156288483154E-02
         1         11   2.0850436333796435E-01   3.1490921313977316E-01   2.5242757673430033E-01   1.1371287762430063E-02
         1         12   2.7251993555791038E-01   9.5521045307324426E-01   6.9207093311962176E-01   1.8748325784552489E-01
         1         13   1.7555390979701586E+00   2.2548955885024879E+00   2.0096888140757447E+00   8.3800878103085064E-02
         1         14   3.7749601257233650E-01   5.9511719463318957E-01   4.5324392756795434E-01   2.4677627526380155E-02
         1         15   1.7368174144527143E-01   6.4870282399641777E-01   3.6337526650309238E-01   1.2692565966523386E-01
         1         16   1.4378611892228810E-01   7.1843687755314234E-01   4.8153937262808677E-01   1.5888335568079129E-01
         1         17   1.2844702852944438E+00   1.6897625518961563E+00   1.4939679285628158E+00   6.4679185185796823E-02
         1         18   2.7401671095202501E-01   4.4989702097655793E-01   3.3217399051175006E-01   1.8934131705182336E-02
         1         19   9.3155852518969684E-02   4.8618157159185299E-01   2.4773814994686141E-01   1.0264964430525227E-01
         1         20   3.5634564593823873E-02   4.4966258665688991E-01   2.3361982945794871E-01   1.0036407805170944E-01
         1         21   7.2954223895156001E-01   9.9047341657623689E-01   8.7030401661926926E-01   3.7542745388233913E-02
         1         22   1.4279144095932167E-01   2.5591900944511653E-01   1.8055536919920956E-01   1.0443849818707595E-02
         1         23   2.4073956943891233E-02   2.6291888497221794E-01   1.1298698967809505E-01   5.7941780430620246E-02
         1         24   4.6933908441086488E-03   2.8329249734933387E-01   8.9679079460358357E-02   4.7318318423679132E-02
         1         25   4.0343494719856232E-01   5.8331673179720400E-01   4.8957184325923303E-01   2.0602320811347316E-02
         1         26   3.3346928986809537E-03   1.1392501104650755E-01   3.8436207077606553E-02   2.2526734518949831E-02
         1         27   3.4999390934688696E-04   1.7426344996932155E-01   2.8570503950564832E-02   1.8089231938232062E-02
         1         28   2.5456806286476436E-01   3.7987483875452743E-01   3.0761308374567764E-01   1.3169843529034398E-02
         1         29   1.4139004978167322E-01   2.2122131023877586E-01   1.7847003551817436E-01   7.3864453564582875E-03
         1         30   4.8060990472236029E-03   9.9730003295318059E-02   4.1836264593502148E-02   1.9041013116456711E-02
         1         31   4.8060990472236029E-03   9.9730003295318059E-02   4.1836264593502148E-02   1.9041013116456711E-02
         1         32   3.1341722261369193E-02   1.9807363550656920E-01   1.2283453326844032E-01   4.3360700282000557E-02
         1         33   3.1341722261369193E-02   1.9807363550656920E-01   1.2283453326844032E-01   4.3360700282000557E-02
         1         34   1.0712892141494783E-01   1.8968235673171391E-01   1.4359930065271684E-01   1.5661613905126777E-02
         1         35   1.7771392144703843E-02   1.5734863431827395E-01   6.9130427262638613E-02   3.5491753611682650E-02
         1         36   1.7771392144703843E-02   1.5734863431827395E-01   6.9130427262638613E-02   3.5491753611682650E-02
         1         37   2.7569782162293215E-02   1.5854703467396666E-01   9.9634230288443495E-02   3.3680784298109577E-02
         1         38   2.7569782162293215E-02   1.5854703467396666E-01   9.9634230288443495E-02   3.3680784298109577E-02
         1         39   1.5641809929994255E-02   1.2989913614608625E-01   5.9663571852709506E-02   2.8974023261053694E-02
         1         40   1.5641809929994255E-02   1.2989913614608625E-01   5.9663571852709506E-02   2.8974023261053694E-02
         1         41   1.6959643493396025E-05   2.2832904347135050E-01   6.3597325499219565E-02   3.8233577698231186E-02
         1         42   1.6959643493396025E-05   2.2832904347135050E-01   6.3597325499219565E-02   3.8233577698231186E-02
         1         43   4.7059470956189502E-02   2.0445225877933743E-01   1.1841657130645468E-01   1.7522959325310287E-02
         1         44   6.5628317712632187E-07   9.7482106069454885E-02   3.0134116071789865E-02   1.8432962756532272E-02
         1         45   6.5628317712632187E-07   9.7482106069454885E-02   3.0134116071789865E-02   1.8432962756532272E-02
         1         46   2.7319301228338728E-05   1.4361696915080965E-01   5.2636163194816336E-02   3.0197517375132855E-02
         1         47   2.7319301228338728E-05   1.4361696915080965E-01   5.2636163194816336E-02   3.0197517375132855E-02
         1         48   4.9400191518985309E-02   1.3670707880689845E-01   8.7492145410755187E-02   1.2286743574973134E-02
         1         49   1.9241830056644547E-07   8.8420850942015197E-02   1.9594501076169103E-02   1.5033837757057364E-02
         1         50   1.9241830056644547E-07   8.8420850942015197E-02   1.9594501076169103E-02   1.5033837757057364E-02
         1         51   1.0811278835159818E-05   1.7384728376512490E-01   4.1438062525961564E-02   2.6149640124051316E-02
         1         52   1.0811278835159818E-05   1.7384728376512490E-01   4.1438062525961564E-02   2.6149640124051316E-02
         1         53   2.7727051090220500E-02   1.4993518060197564E-01   8.4855560257266940E-02   1.4611734121689953E-02
         1         54   2.1170936570102507E-05   8.9135209444584029E-02   3.0476900221558380E-02   1.7316190996000600E-02
         1         55   2.1170936570102507E-05   8.9135209444584029E-02   3.0476900221558380E-02   1.7316190996000600E-02
         1         56   7.8942285962353624E-07   1.0096761060876297E-01   1.5315210420221674E-02   1.0692612015181078E-02
         1         57   7.8942285962353624E-07   1.0096761060876297E-01   1.5315210420221674E-02   1.0692612015181078E-02
         1         58   4.8508809373424090E-07   8.1958464406282808E-02   1.0366182260233897E-02   7.9745190338882041E-03
         1         59   4.8508809373424090E-07   8.1958464406282808E-02   1.0366182260233897E-02   7.9745190338882041E-03
         1         60   3.4947930357610159E-02   4.5499899568450342E-01   2.5417132054029135E-01   1.0980254649913793E-01
         1         61   5.6365152935467289E-01   1.9778014550526291E+00   1.3819177409139740E+00   3.4940631933703625E-01
         1         62   5.6365152935467289E-01   1.9778014550526291E+00   1.3819177409139740E+00   3.4940631933703625E-01
         1         63   1.0662143473596780E-01   5.5182809015747913E-01   3.1265437458807199E-01   8.9273572892052511E-02
         1         64   1.0662143473596780E-01   5.5182809015747913E-01   3.1265437458807199E-01   8.9273572892052511E-02
         1         65   1.2853607037340622E-01   3.5577988936110022E-01   2.3083508347782392E-01   2.3203543346243253E-02
         1         66   1.2853607037340622E-01   3.5577988936110022E-01   2.3083508347782392E-01   2.3203543346243253E-02
         1         67   1.4540657473046108E+00   2.5077639211418750E+00   1.9746325845930384E+00   1.6995620696091074E-01
         1         68   5.9784948130999949E-01   1.2827806440329459E+00   8.3130355425723412E-01   7.3104311830371999E-02
         1         69   5.9784948130999949E-01   1.2827806440329459E+00   8.3130355425723412E-01   7.3104311830371999E-02
         1         70   3.3358707209230576E-01   1.4335314192004294E+00   7.8592524593840873E-01   2.9621924234320834E-01
         1         71   3.3358707209230576E-01   1.4335314192004294E+00   7.8592524593840873E-01   2.9621924234320834E-01
         1         72   3.4177015492211971E-02   1.5057571861115501E-01   6.5457981652892377E-02   1.2083662357836597E-02
         1         73   9.7926860467564866E-02   3.5878083720314369E-01   2.1180971499124696E-01   6.1020393252632359E-02
         1         74   9.7926860467564866E-02   3.5878083720314369E-01   2.1180971499124696E-01   6.1020393252632359E-02
         1         75   1.1794289985808337E-02   2.0144654535055490E-01   5.8290864360616680E-02   5.4645811388789912E-02
         1         76   3.0244391439220718E-02   3.4692490159917905E-01   1.9639652544776828E-01   8.2321888836044313E-02
         1         77   5.8364866737887255E-01   1.9328372120558897E+00   1.3724802226102815E+00   3.3809619441876743E-01
         1         78   5.8364866737887255E-01   1.9328372120558897E+00   1.3724802226102815E+00   3.3809619441876743E-01
         1         79   1.1457367835707789E-01   4.6938873743097498E-01   3.1289195484141591E-01   8.0675874718980842E-02
         1         80   1.1457367835707789E-01   4.6938873743097498E-01   3.1289195484141591E-01   8.0675874718980842E-02
         1         81   1.2956173664807388E-01   3.2500420117962681E-01   2.2599029260984380E-01   2.2513089316952676E-02
         1         82   1.2956173664807388E-01   3.2500420117962681E-01   2.2599029260984380E-01   2.2513089316952676E-02
         1         83   1.3895392762627210E+00   2.2789975927104495E+00   1.8077250336701545E+00   1.6315332190036444E-01
         1         84   7.7125178815877082E-01   1.3423084602767170E+00   9.9181607508558944E-01   7.2640877274558119E-02
         1         85   7.7125178815877082E-01   1.3423084602767170E+00   9.9181607508558944E-01   7.2640877274558119E-02
         1         86   2.9523083230446784E-01   1.3558754260378718E+00   6.9401404576936976E-01   2.9020882587881397E-01
         1         87   2.9523083230446784E-01   1.3558754260378718E+00   6.9401404576936976E-01   2.9020882587881397E-01
         1         88   5.1470979703718146E-02   2.3981805035077230E-01   1.1807726970025344E-01   5.9200662225732816E-02
         1         89   5.1470979703718146E-02   2.3981805035077230E-01   1.1807726970025344E-01   5.9200662225732816E-02
         1         90   1.0777187040807863E-02   1.4696819686106863E-01   5.9927592801060754E-02   3.9300598952699939E-02
         1         91   2.4376455955386293E-02   3.1407190761909815E-01   1.8015033447064860E-01   7.6266664084119820E-02
         1         92   3.6377332496454245E-01   1.3342219569086113E+00   9.0187251234535504E-01   2.2692064973662890E-01
         1         93   3.6377332496454245E-01   1.3342219569086113E+00   9.0187251234535504E-01   2.2692064973662890E-01
         1         94   6.2743263456107937E-02   4.0159495245062021E-01   2.0476712252834589E-01   6.0318086015588745E-02
         1         95   6.2743263456107937E-02   4.0159495245062021E-01   2.0476712252834589E-01   6.0318086015588745E-02
         1         96   7.5383542266567127E-02   2.2546665240704789E-01   1.4193117540438741E-01   1.6146248554951267E-02
         1         97   7.5383542266567127E-02   2.2546665240704789E-01   1.4193117540438741E-01   1.6146248554951267E-02
         1         98   9.5138884368929388E-01   1.6892448149103192E+00   1.3280988343578761E+00   1.0924278910798803E-01
         1         99   3.8193017594075424E-01   8.6888224866494201E-01   5.4116599884449534E-01   4.7824809704977725E-02
         1        100   3.8193017594075424E-01   8.6888224866494201E-01   5.4116599884449534E-01   4.7824809704977725E-02
         1        101   2.2226896360257170E-01   9.6416513409610483E-01   5.5236515911480810E-01   1.9465308757943739E-01
         1        102   2.2226896360257170E-01   9.6416513409610483E-01   5.5236515911480810E-01   1.9465308757943739E-01
         1        103   1.4138678121847270E-02   1.0011304991054679E-01   3.4109914852831671E-02   8.2022493031673506E-03
         1        104   6.4970120707353016E-02   2.6367657038432468E-01   1.5814460407694503E-01   4.0835397611022353E-02
         1        105   6.4970120707353016E-02   2.6367657038432468E-01   1.5814460407694503E-01   4.0835397611022353E-02
         1        106   8.3494969104879746E-03   1.4528173160230839E-01   3.8278588434493138E-02   3.8185230786270861E-02
         1        107   2.1021644610059776E-02   2.1677788710131005E-01   1.2237553937812548E-01   4.8779420875967552E-02
         1        108   3.8945340871150641E-01   1.2558992586111635E+00   8.9243499404166260E-01   2.1462735639198391E-01
         1        109   3.8945340871150641E-01   1.2558992586111635E+00   8.9243499404166260E-01   2.1462735639198391E-01
         1        110   7.6832072054413336E-02   3.1196324694522004E-01   2.0500470278168989E-01   5.0700201656513719E-02
         1        111   7.6832072054413336E-02   3.1196324694522004E-01   2.0500470278168989E-01   5.0700201656513719E-02
         1        112   7.0620499240350396E-02   2.1233680379223027E-01   1.3708638453640745E-01   1.5173256915064381E-02
         1        113   7.0620499240350396E-02   2.1233680379223027E-01   1.3708638453640745E-01   1.5173256915064381E-02
         1        114   9.0861081690555223E-01   1.4581599683419431E+00   1.1611912834349924E+00   1.0128908632348593E-01
         1        115   5.5504283475525451E-01   9.3323348197994160E-01   7.0167851967285078E-01   4.6778312169480321E-02
         1        116   5.5504283475525451E-01   9.3323348197994160E-01   7.0167851967285078E-01   4.6778312169480321E-02
         1        117   1.8941876410868089E-01   8.8371376196001006E-01   4.6045395894576896E-01   1.8839087094731016E-01
         1        118   1.8941876410868089E-01   8.8371376196001006E-01   4.6045395894576896E-01   1.8839087094731016E-01
         1        119   2.3394668999901648E-02   1.4444766436263048E-01   6.4412158785951523E-02   3.8338237454676204E-02
         1        120   2.3394668999901648E-02   1.4444766436263048E-01   6.4412158785951523E-02   3.8338237454676204E-02
         1        121   7.7070862341506877E-03   9.0734036951004279E-02   3.9915316874937219E-02   2.2745595410914907E-02
         1        122   6.1374486080718427E-04   7.7201760065780611E-02   3.0604780847194871E-02   1.7403511483191487E-02
         1        123   3.1131402287872603E-02   4.6131659561904287E-01   2.0667945350484640E-01   8.9392166018310279E-02
         1        124   3.1131402287872603E-02   4.6131659561904287E-01   2.0667945350484640E-01   8.9392166018310279E-02
         1        125   5.3140197554236530E-03   1.1564049011254757E-01   4.3832819461469240E-02   2.0279874050485171E-02
         1        126   5.3140197554236530E-03   1.1564049011254757E-01   4.3832819461469240E-02   2.0279874050485171E-02
         1        127   2.0782707839854445E-01   4.6708510582408019E-01   3.4441738902271146E-01   3.4188575359510955E-02
         1        128   7.9852469718899408E-02   2.1607007883838031E-01   1.2472218466276415E-01   1.2546683480399492E-02
         1        129   7.9852469718899408E-02   2.1607007883838031E-01   1.2472218466276415E-01   1.2546683480399492E-02
         1        130   1.9929942981347634E-02   2.7063334106202896E-01   1.1375888210212630E-01   5.7416980955353282E-02
         1        131   1.9929942981347634E-02   2.7063334106202896E-01   1.1375888210212630E-01   5.7416980955353282E-02
         1        132   3.4021609361855408E-02   3.6357359033444053E-01   1.9479228067755266E-01   8.0246389767962972E-02
         1        133   3.4021609361855408E-02   3.6357359033444053E-01   1.9479228067755266E-01   8.0246389767962972E-02
         1        134   2.1094072813392034E-01   3.9366499716564995E-01   2.9733368672356530E-01   3.1187705510138785E-02
         1        135   1.4176411772339309E-01   2.7167465904131305E-01   1.8972758787497729E-01   1.3783985929635199E-02
         1        136   1.4176411772339309E-01   2.7167465904131305E-01   1.8972758787497729E-01   1.3783985929635199E-02
         1        137   1.6159190317137272E-02   2.4579655302602210E-01   8.6395119758415517E-02   5.3126892545281003E-02
         1        138   1.6159190317137272E-02   2.4579655302602210E-01   8.6395119758415517E-02   5.3126892545281003E-02
         1        139   2.0314354428335509E-02   3.3273146699389522E-01   1.3367054789637325E-01   5.8504360584053519E-02
         1        140   2.0314354428335509E-02   3.3273146699389522E-01   1.3367054789637325E-01   5.8504360584053519E-02
         1        141   2.8143751100300255E-03   8.9269326738706495E-02   2.8735640313561000E-02   1.3868219181795278E-02
         1        142   2.8143751100300255E-03   8.9269326738706495E-02   2.8735640313561000E-02   1.3868219181795278E-02
         1        143   1.3119247393354275E-01   3.2401361484251728E-01   2.3675760274082042E-01   2.4146649298859256E-02
         1        144   4.7009369468443321E-02   1.4243357651110486E-01   7.9466971660054495E-02   8.4513772177884257E-03
         1        145   4.7009369468443321E-02   1.4243357651110486E-01   7.9466971660054495E-02   8.4513772177884257E-03
         1        146   1.3032434500371578E-02   1.8167073892619412E-01   8.3603562001265161E-02   3.7719376046112328E-02
         1        147   1.3032434500371578E-02   1.8167073892619412E-01   8.3603562001265161E-02   3.7719376046112328E-02
         1        148   2.3762916117571600E-02   2.3498846170929244E-01   1.2178337506907948E-01   4.8470426386298324E-02
         1        149   2.3762916117571600E-02   2.3498846170929244E-01   1.2178337506907948E-01   4.8470426386298324E-02
         1        150   1.3972630279681131E-01   2.4787193424455253E-01   1.8967390044167423E-01   1.8665301435302532E-02
         1        151   1.1025131667294531E-01   1.9864234864098881E-01   1.4447237487226769E-01   9.2000285477085737E-03
         1        152   1.1025131667294531E-01   1.9864234864098881E-01   1.4447237487226769E-01   9.2000285477085737E-03
         1        153   9.7747612011525268E-03   1.5683395089018784E-01   5.6239799657554379E-02   3.3111677923663541E-02
         1        154   9.7747612011525268E-03   1.5683395089018784E-01   5.6239799657554379E-02   3.3111677923663541E-02
         1        155   8.2222721813368855E-05   8.0578766221801462E-02   1.0568736333110864E-02   7.3726819647757583E-03
         1        156   8.2222721813368855E-05   8.0578766221801462E-02   1.0568736333110864E-02   7.3726819647757583E-03
         2          1   4.6282189364142030E-02   4.7488899247514360E-01   2.3904379452578783E-01   1.2412281902179607E-01
         2          2   2.3465869612815340E-01   4.5137245365689566E-01   3.2905461395290631E-01   4.1916943359922181E-02
         2          3   1.0606586388723920E-05   2.7569048819902209E-01   1.6864883088729762E-01   1.1564686043168332E-01
         2          4   1.3819278170566361E-06   3.5164247670332738E-01   1.5369160317675001E-01   1.3630738445083129E-01
         2          5   2.9213018038908849E-02   4.0621790365333871E-01   1.9739665375967863E-01   1.1828923966050033E-01
         2          6   1.6011774030527667E-01   3.2650503826394767E-01   2.3346452453867791E-01   3.0998987449189195E-02
         2          7   4.7785434054655122E-06   2.3586126598736804E-01   1.4187325911049761E-01   9.8275840330987657E-02
         2          8   6.0989551020659504E-07   3.1431704395922583E-01   1.3266177977746543E-01   1.2139423100177550E-01
         2          9   1.1128404834223355E-02   3.2039229779237538E-01   1.4796006571717749E-01   1.1015323971809861E-01
         2         10   7.7544152157871166E-02   1.7787421693604638E-01   1.2224533126951360E-01   1.7436245554077516E-02
         2         11   1.0313631131806727E-06   1.7585387687914059E-01   1.0236737176057785E-01   7.1730344690448158E-02
         2         12   1.2650999854472750E-07   2.5390968296883676E-01   1.0183261138157551E-01   9.6632386636915632E-02
         2         13   2.8723825884161458E-03   2.5869708458752044E-01   1.1219003410413345E-01   1.0076990402222323E-01
         2         14   1.2057529910206025E-07   1.1705577112982460E-01   6.5233364209457648E-02   4.6046628507603014E-02
         2         15   1.3987836050916831E-08   1.8869472646675201E-01   7.1819327476866077E-02   6.9708950720751256E-02
         2         16   5.5228999595810788E-07   1.3254353577797176E-01   4.6123092588339965E-02   5.1362240935943576E-02
         2         17   3.3307120597947677E-10   7.8421421480551853E-02   2.4010264957954674E-02   2.7033541845208928E-02
         2         18   5.6953727384070518E-01   1.2509452793249989E+00   8.9319502847810861E-01   1.6302694718997762E-01
         2         19   1.4505494707662421E+00   1.9345466787444598E+00   1.7200879102673374E+00   9.0781893940260178E-02
         2         20   1.7503921530880745E-01   6.5995049908248593E-01   4.8285337616559681E-01   1.7696171629838928E-01
         2         21   1.6072650176132622E-01   7.2115193261779287E-01   4.6000041700850042E-01   1.8392260172620367E-01
         2         22   3.6856776931902091E-01   9.9747706428360172E-01   6.6398574602791827E-01   1.5609055530006308E-01
         2         23   1.0041216900270746E+00   1.4216083360486782E+00   1.2237329974094588E+00   8.1509848164289120E-02
         2         24   9.9930366862878234E-02   5.3335283950928825E-01   3.7191615161306563E-01   1.6739177620849416E-01
         2         25   8.6263573492907808E-02   6.0025344125193270E-01   3.5182434479544206E-01   1.7702705280504985E-01
         2         26   1.5048968128790524E-01   6.6147958762869752E-01   3.8680178516411967E-01   1.3963372909276098E-01
         2         27   4.9175474787199935E-01   7.7814669996252106E-01   6.2646122540933413E-01   5.7171497180627646E-02
         2         28   2.6877182364522953E-02   3.6430450172333112E-01   2.3740238496356939E-01   1.3740205443690803E-01
         2         29   2.2462301934246538E-02   4.4447285148833171E-01   2.2285829495744616E-01   1.5421979972393243E-01
         2         30   4.4429444192530247E-02   4.2977825329440544E-01   2.1758748589299240E-01   1.2388187159122850E-01
         2         31   1.9192556399795233E-01   3.4674472664419204E-01   2.5926695165468644E-01   3.0173567471241738E-02
         2         32   3.6330735733156711E-03   2.3855668894136661E-01   1.4476307876273892E-01   9.6146686426798675E-02
         2         33   3.0399934088665157E-03   3.2247064098792250E-01   1.3974499348224564E-01   1.2009259725389748E-01
         2         34   9.7843211690562242E-03   3.0155892321380340E-01   1.3671692610919009E-01   1.1086130510313992E-01
         2         35   2.7559062919379844E-04   1.4649977554093191E-01   8.3574612888385469E-02   5.8272280178580750E-02
         2         36   2.1247058211850263E-04   2.2544890666192582E-01   8.8475280027579983E-02   8.3700185562255919E-02
         2         37   1.9863831992533409E-04   2.0402400160539777E-01   7.9320015785855319E-02   8.3963223462795264E-02
         2         38   3.3060979709451657E-07   9.6393377034309391E-02   3.3236237103678554E-02   3.2670658261640138E-02
         2         39   1.0047740326867816E-07   1.1956691386601773E-01   4.0013401518768033E-02   4.4783929369977604E-02
         2         40   1.5503332691251684E-02   9.0660338316509673E-02   4.9325728381168395E-02   2.0806932538914479E-02
         2         41   1.5503332691251684E-02   9.0660338316509673E-02   4.9325728381168395E-02   2.0806932538914479E-02
         2         42   6.6051453545224278E-02   2.1774073314904457E-01   1.3779698632321241E-01   2.6631224461613253E-02
         2         43   6.6051453545224278E-02   2.1774073314904457E-01   1.3779698632321241E-01   2.6631224461613253E-02
         2         44   2.0993386912863055E-02   1.5689578589087622E-01   1.0372525397370817E-01   5.0967634572724775E-02
         2         45   2.0993386912863055E-02   1.5689578589087622E-01   1.0372525397370817E-01   5.0967634572724775E-02
         2         46   1.6809026640429867E-02   1.5752509444724352E-01   8.9233285291673015E-02   4.7328972033298541E-02
         2         47   1.6809026640429867E-02   1.5752509444724352E-01   8.9233285291673015E-02   4.7328972033298541E-02
         2         48   5.5072591769131818E-02   1.7508970360759710E-01   1.1251557471876412E-01   2.0409168217081441E-02
         2         49   5.5072591769131818E-02   1.7508970360759710E-01   1.1251557471876412E-01   2.0409168217081441E-02
         2         50   1.8984514369292809E-02   1.2995577878269696E-01   8.7239325077375626E-02   4.1691899633129317E-02
         2         51   1.8984514369292809E-02   1.2995577878269696E-01   8.7239325077375626E-02   4.1691899633129317E-02
         2         52   1.5068600132309802E-02   1.3429428151801240E-01   7.6189542530911633E-02   3.9603508369727224E-02
         2         53   1.5068600132309802E-02   1.3429428151801240E-01   7.6189542530911633E-02   3.9603508369727224E-02
         2         54   1.4089781307512534E-02   1.8292794520538905E-01   8.8727781555011223E-02   4.8662466576280067E-02
         2         55   1.4089781307512534E-02   1.8292794520538905E-01   8.8727781555011223E-02   4.8662466576280067E-02
         2         56   2.0512645180759869E-06   1.6921332085158142E-01   6.3456138170772128E-02   6.2514758530261894E-02
         2         57   2.0512645180759869E-06   1.6921332085158142E-01   6.3456138170772128E-02   6.2514758530261894E-02
         2         58   5.5128390413134228E-07   1.2970806646467029E-01   2.6953654577038876E-02   2.8298158736440097E-02
         2         59   5.5128390413134228E-07   1.2970806646467029E-01   2.6953654577038876E-02   2.8298158736440097E-02
         2         60   2.5709547178304804E-02   1.0082734394879481E-01   5.2028014776348885E-02   1.5609191012403073E-02
         2         61   2.2638556514751789E-06   1.1202246305938084E-01   5.0292240922284764E-02   3.6775543305661164E-02
         2         62   2.2638556514751789E-06   1.1202246305938084E-01   5.0292240922284764E-02   3.6775543305661164E-02
         2         63   3.6933581828909925E-07   1.1731723517548943E-01   4.8864997808326434E-02   4.0383987061351496E-02
         2         64   3.6933581828909925E-07   1.1731723517548943E-01   4.8864997808326434E-02   4.0383987061351496E-02
         2         65   2.7585163817006985E-07   8.0004590250065635E-02   1.7510100682166536E-02   2.8065392291747222E-02
         2         66   2.7585163817006985E-07   8.0004590250065635E-02   1.7510100682166536E-02   2.8065392291747222E-02
         2         67   4.3846182907282273E-04   7.8517072038639418E-02   1.6615337289525620E-02   1.5887774297455342E-02
         2         68   1.3890848161674206E-02   1.3903398443647677E-01   6.2965330185805260E-02   2.5725673885064467E-02
         2         69   1.3890848161674206E-02   1.3903398443647677E-01   6.2965330185805260E-02   2.5725673885064467E-02
         2         70   7.6609561406265009E-07   8.1179546051278570E-02   2.9294796809472775E-02   2.4142410630019838E-02
         2         71   7.6609561406265009E-07   8.1179546051278570E-02   2.9294796809472775E-02   2.4142410630019838E-02
         2         72   3.4797723011906719E-07   7.6403144053533711E-02   1.9621159480902886E-02   1.8101126370506988E-02
         2         73   3.4797723011906719E-07   7.6403144053533711E-02   1.9621159480902886E-02   1.8101126370506988E-02
         2         74   3.3127720949942414E-06   1.1995596535228416E-01   6.5216561391470390E-02   4.5074863870644945E-02
         2         75   3.3127720949942414E-06   1.1995596535228416E-01   6.5216561391470390E-02   4.5074863870644945E-02
         2         76   4.1742995729709739E-07   1.2924935109386884E-01   5.2169606649478749E-02   4.4979373215308843E-02
         2         77   4.1742995729709739E-07   1.2924935109386884E-01   5.2169606649478749E-02   4.4979373215308843E-02
         2         78   8.6584254991801599E-03   1.3360037251243481E-01   6.3372678208512653E-02   3.7354329814153570E-02
         2         79   8.6584254991801599E-03   1.3360037251243481E-01   6.3372678208512653E-02   3.7354329814153570E-02
         2         80   1.5952704274708431E-06   1.2789382243576644E-01   4.7594970885205375E-02   4.8123601886774801E-02
         2         81   1.5952704274708431E-06   1.2789382243576644E-01   4.7594970885205375E-02   4.8123601886774801E-02
         2         82   3.7680005160887641E-07   9.6934407539580908E-02   1.7592809328737039E-02   1.9045721957875628E-02
         2         83   3.7680005160887641E-07   9.6934407539580908E-02   1.7592809328737039E-02   1.9045721957875628E-02
         2         84   1.2545351413409112E-06   7.6279314689094088E-02   3.2504188788834210E-02   2.4429649052730137E-02
         2         85   1.2545351413409112E-06   7.6279314689094088E-02   3.2504188788834210E-02   2.4429649052730137E-02
         2         86   1.9509625099961809E-07   8.7780265992428039E-02   3.5310764614297122E-02   2.9416314537190947E-02
         2         87   1.9509625099961809E-07   8.7780265992428039E-02   3.5310764614297122E-02   2.9416314537190947E-02
         2         88   8.4594923533418305E-03   9.1737628924461356E-02   3.7610226839306697E-02   1.4573355614026945E-02
         2         89   8.4594923533418305E-03   9.1737628924461356E-02   3.7610226839306697E-02   1.4573355614026945E-02
         2         90   2.3091428766021254E-06   8.5523883548035237E-02   4.7428509258019814E-02   3.2721319902242606E-02
         2         91   2.3091428766021254E-06   8.5523883548035237E-02   4.7428509258019814E-02   3.2721319902242606E-02
         2         92   2.7652790051389590E-07   9.8074789612713806E-02   3.8615373455449437E-02   3.4138320069491697E-02
         2         93   2.7652790051389590E-07   9.8074789612713806E-02   3.8615373455449437E-02   3.4138320069491697E-02
         2         94   7.8253532950933400E-08   7.7584081263027876E-02   2.8841022653196543E-02   3.0745115936946701E-02
         2         95   7.8253532950933400E-08   7.7584081263027876E-02   2.8841022653196543E-02   3.0745115936946701E-02
         2         96   1.5283922550429510E-01   7.0512906179136370E-01   3.7056614548619426E-01   1.2807760296768536E-01
         2         97   9.2623540261669490E-01   2.2821559559816200E+00   1.5706333199820484E+00   2.8437987155280947E-01
         2         98   9.2623540261669490E-01   2.2821559559816200E+00   1.5706333199820484E+00   2.8437987155280947E-01
         2         99   1.3210070004146676E-01   9.0595823812696041E-01   4.7319107188800674E-01   2.3937123893762408E-01
         2        100   1.3210070004146676E-01   9.0595823812696041E-01   4.7319107188800674E-01   2.3937123893762408E-01
         2        101   1.8259903839009198E-01   7.7385778932945659E-01   4.1655383836271548E-01   1.5638311813419592E-01
         2        102   1.8259903839009198E-01   7.7385778932945659E-01   4.1655383836271548E-01   1.5638311813419592E-01
         2        103   1.0303624032574197E+00   1.8706946506035569E+00   1.4707816541501646E+00   1.6255642157795633E-01
         2        104   2.3635078241851765E-01   1.2023870995592063E+00   8.1306717198120371E-01   3.1739575195928749E-01
         2        105   2.3635078241851765E-01   1.2023870995592063E+00   8.1306717198120371E-01   3.1739575195928749E-01
         2        106   2.4709379596423897E-01   1.2353940209598306E+00   7.8292747793260409E-01   2.9245336143881467E-01
         2        107   2.4709379596423897E-01   1.2353940209598306E+00   7.8292747793260409E-01   2.9245336143881467E-01
         2        108   1.1924510209625431E-02   1.8612611438134086E-01   1.0405278037451320E-01   5.6215661725173033E-02
         2        109   9.3817216582683813E-02   4.3725466581430728E-01   2.2265845255391611E-01   1.1368966856506386E-01
         2        110   9.3817216582683813E-02   4.3725466581430728E-01   2.2265845255391611E-01   1.1368966856506386E-01
         2        111   1.2823008285292833E-02   2.5187966028221809E-01   9.7734181917175936E-02   7.6691030981949307E-02
         2        112   1.2621382189658120E-01   6.7308053029306270E-01   3.3669159365401752E-01   1.3067807698358649E-01
         2        113   8.7810424973992296E-01   2.1298238907413714E+00   1.4901414168453713E+00   2.3445970385512507E-01
         2        114   8.7810424973992296E-01   2.1298238907413714E+00   1.4901414168453713E+00   2.3445970385512507E-01
         2        115   1.0476951545568992E-01   6.6836480365309081E-01   4.0544338074647629E-01   1.6769457202257773E-01
         2        116   1.0476951545568992E-01   6.6836480365309081E-01   4.0544338074647629E-01   1.6769457202257773E-01
         2        117   1.6312422730533513E-01   6.2289613372860020E-01   3.5948893208634602E-01   1.0687219812630386E-01
         2        118   1.6312422730533513E-01   6.2289613372860020E-01   3.5948893208634602E-01   1.0687219812630386E-01
         2        119   9.3944171235103657E-01   1.6531313559383098E+00   1.3224047305712436E+00   1.3599303039831978E-01
         2        120   2.7111314350496296E-01   1.2515756936330769E+00   8.7048469720373933E-01   3.4118101132992046E-01
         2        121   2.7111314350496296E-01   1.2515756936330769E+00   8.7048469720373933E-01   3.4118101132992046E-01
         2        122   2.5381849359960368E-01   1.2814177913188829E+00   7.9336158419207481E-01   3.1335691697313772E-01
         2        123   2.5381849359960368E-01   1.2814177913188829E+00   7.9336158419207481E-01   3.1335691697313772E-01
         2        124   1.1293788357394816E-02   1.4203698714833096E-01   8.8371310221267541E-02   4.8651344650362111E-02
         2        125   9.6603030100626333E-02   2.4085786071914955E-01   1.6817621833109089E-01   3.1237152153606944E-02
         2        126   9.6603030100626333E-02   2.4085786071914955E-01   1.6817621833109089E-01   3.1237152153606944E-02
         2        127   8.2298751582806952E-03   1.4195303352969957E-01   7.9427998915954354E-02   4.4882489226449516E-02
         2        128   1.0205536165733328E-01   4.8419657501815444E-01   2.4362147340471993E-01   8.1513716791240934E-02
         2        129   6.1493965169051401E-01   1.5517106379712924E+00   1.0548511829955325E+00   2.0030281045200835E-01
         2        130   6.1493965169051401E-01   1.5517106379712924E+00   1.0548511829955325E+00   2.0030281045200835E-01
         2        131   9.4245858315602782E-02   6.4540224234488419E-01   3.2388366639247418E-01   1.7126984118898222E-01
         2        132   9.4245858315602782E-02   6.4540224234488419E-01   3.2388366639247418E-01   1.7126984118898222E-01
         2        133   1.1496439548547747E-01   5.2884821032456886E-01   2.7869258445322698E-01   1.0520879617607132E-01
         2        134   1.1496439548547747E-01   5.2884821032456886E-01   2.7869258445322698E-01   1.0520879617607132E-01
         2        135   6.8693544805907225E-01   1.2499077967677892E+00   9.8210144709062153E-01   1.0919133578622821E-01
         2        136   1.5156920062471221E-01   8.1239566552976183E-01   5.4144697975687472E-01   2.1309834824682736E-01
         2        137   1.5156920062471221E-01   8.1239566552976183E-01   5.4144697975687472E-01   2.1309834824682736E-01
         2        138   1.5958602067433919E-01   8.5478835114232410E-01   5.2998630924419898E-01   2.0007988848294189E-01
         2        139   1.5958602067433919E-01   8.5478835114232410E-01   5.2998630924419898E-01   2.0007988848294189E-01
         2        140   8.6749255305974913E-03   1.3141476654514309E-01   6.9058496310652792E-02   3.5653438006576117E-02
         2        141   4.9318899039732043E-02   3.3110829376945611E-01   1.5196289401808868E-01   9.3163871388299402E-02
         2        142   4.9318899039732043E-02   3.3110829376945611E-01   1.5196289401808868E-01   9.3163871388299402E-02
         2        143   1.0324968933995747E-02   2.1807766133377263E-01   7.0453043118795106E-02   6.4728760399146851E-02
         2        144   7.7361319107645599E-02   4.2451157957334407E-01   2.0974692157254315E-01   8.2558955457417288E-02
         2        145   5.6680849881374273E-01   1.3961003490182748E+00   9.7435927985885595E-01   1.5055863021578994E-01
         2        146   5.6680849881374273E-01   1.3961003490182748E+00   9.7435927985885595E-01   1.5055863021578994E-01
         2        147   6.9948334717611374E-02   4.1492221868928542E-01   2.5613597525094378E-01   9.9440152224701331E-02
         2        148   6.9948334717611374E-02   4.1492221868928542E-01   2.5613597525094378E-01   9.9440152224701331E-02
         2        149   9.9371741165899682E-02   3.7223891239550794E-01   2.2162767817685747E-01   5.4236718434030072E-02
         2        150   9.9371741165899682E-02   3.7223891239550794E-01   2.2162767817685747E-01   5.4236718434030072E-02
         2        151   5.9601475715268970E-01   1.0323445021025375E+00   8.3372452351169979E-01   8.2611866503809403E-02
         2        152   1.8634892324433946E-01   8.6429866420683421E-01   5.9886450497941068E-01   2.3682321847299306E-01
         2        153   1.8634892324433946E-01   8.6429866420683421E-01   5.9886450497941068E-01   2.3682321847299306E-01
         2        154   1.6982726447552510E-01   8.9555226697023971E-01   5.4042041550366959E-01   2.2184501803980539E-01
         2        155   1.6982726447552510E-01   8.9555226697023971E-01   5.4042041550366959E-01   2.2184501803980539E-01
         2        156   8.2594872680379610E-03   8.5235757135749671E-02   5.3377026157407109E-02   2.7951355050690945E-02
         2        157   5.9167512088399481E-02   1.4213166301787214E-01   9.7480659795263477E-02   1.5938264351358301E-02
         2        158   5.9167512088399481E-02   1.4213166301787214E-01   9.7480659795263477E-02   1.5938264351358301E-02
         2        159   6.1507867517414851E-03   9.0360344092576331E-02   5.2146860117573524E-02   2.8900701577993237E-02
         2        160   1.0701901874549270E-02   1.6775788523533350E-01   6.1365285394081447E-02   3.6917159506170388E-02
         2        161   8.7091494979813860E-02   4.5633537405269703E-01   2.5760284507403097E-01   9.6512150480177097E-02
         2        162   8.7091494979813860E-02   4.5633537405269703E-01   2.5760284507403097E-01   9.6512150480177097E-02
         2        163   5.8518081300043207E-03   2.9638281062251304E-01   1.2168721043997824E-01   1.0075982977737119E-01
         2        164   5.8518081300043207E-03   2.9638281062251304E-01   1.2168721043997824E-01   1.0075982977737119E-01
         2        165   1.3408225435810123E-02   2.2849081946172539E-01   7.6302528663322239E-02   5.3910724987304419E-02
         2        166   1.3408225435810123E-02   2.2849081946172539E-01   7.6302528663322239E-02   5.3910724987304419E-02
         2        167   1.1533708768443005E-01   3.0142558255335172E-01   1.9317124001240105E-01   3.8258144071203710E-02
         2        168   1.2860787228278032E-02   2.6301297569925569E-01   1.4207832873069645E-01   8.6069452572972605E-02
         2        169   1.2860787228278032E-02   2.6301297569925569E-01   1.4207832873069645E-01   8.6069452572972605E-02
         2        170   1.1302345414182371E-02   2.7363439551971291E-01   1.3596895930502576E-01   8.7243713326887934E-02
         2        171   1.1302345414182371E-02   2.7363439551971291E-01   1.3596895930502576E-01   8.7243713326887934E-02
         2        172   6.1063852938590965E-03   1.4097812977996380E-01   4.4072147466521647E-02   4.5672517172632654E-02
         2        173   6.1063852938590965E-03   1.4097812977996380E-01   4.4072147466521647E-02   4.5672517172632654E-02
         2        174   2.2285881789343930E-04   9.4720775145828273E-02   2.7215002053580850E-02   3.2232049192340406E-02
         2        175   7.8226267192826465E-03   1.7341401369151288E-01   5.5709015207160949E-02   4.0152337348510349E-02
         2        176   8.2985394419567302E-02   3.9802797001830009E-01   2.2031963751507583E-01   6.6229907481914402E-02
         2        177   8.2985394419567302E-02   3.9802797001830009E-01   2.2031963751507583E-01   6.6229907481914402E-02
         2        178   4.6595482013604512E-03   1.6994103705775687E-01   7.6915839040412742E-02   5.0891067473805458E-02
         2        179   4.6595482013604512E-03   1.6994103705775687E-01   7.6915839040412742E-02   5.0891067473805458E-02
         2        180   1.0050261851260860E-02   1.5588430449115645E-01   6.1758289794954652E-02   3.6034038092546648E-02
         2        181   1.0050261851260860E-02   1.5588430449115645E-01   6.1758289794954652E-02   3.6034038092546648E-02
         2        182   1.0130148259115636E-01   2.5438597748722536E-01   1.6752202356859805E-01   3.1107917080508085E-02
         2        183   1.4375050793251595E-02   2.7182094449304417E-01   1.6512986475480654E-01   9.8460236729456224E-02
         2        184   1.4375050793251595E-02   2.7182094449304417E-01   1.6512986475480654E-01   9.8460236729456224E-02
         2        185   1.2653817700132027E-02   2.8437829750371602E-01   1.4060126213261712E-01   9.5150198864403498E-02
         2        186   1.2653817700132027E-02   2.8437829750371602E-01   1.4060126213261712E-01   9.5150198864403498E-02
         2        187   7.3274537177640594E-03   1.1811078935922635E-01   3.9851145381952724E-02   2.2936783910608639E-02
         2        188   5.6261389718613879E-02   3.1753085934995473E-01   1.7693922738595691E-01   7.0590663781458771E-02
         2        189   5.6261389718613879E-02   3.1753085934995473E-01   1.7693922738595691E-01   7.0590663781458771E-02
         2        190   4.1422156992419329E-03   2.1783546170906343E-01   8.7528539665964938E-02   7.5170306146884316E-02
         2        191   4.1422156992419329E-03   2.1783546170906343E-01   8.7528539665964938E-02   7.5170306146884316E-02
         2        192   8.1675755469825286E-03   1.6605733892137747E-01   5.0531144375498757E-02   3.5770165530484864E-02
         2        193   8.1675755469825286E-03   1.6605733892137747E-01   5.0531144375498757E-02   3.5770165530484864E-02
         2        194   7.7215733645331783E-02   2.0198121110920506E-01   1.2901560722716832E-01   2.5811787411641751E-02
         2        195   7.8496766932291424E-03   1.7879579133689474E-01   9.3699423382218580E-02   5.7539573725109212E-02
         2        196   7.8496766932291424E-03   1.7879579133689474E-01   9.3699423382218580E-02   5.7539573725109212E-02
         2        197   6.9610923471909152E-03   1.9781975124838413E-01   9.4832168079677467E-02   6.1618917527711634E-02
         2        198   6.9610923471909152E-03   1.9781975124838413E-01   9.4832168079677467E-02   6.1618917527711634E-02
         2        199   3.3284160214541629E-03   1.1122405902914004E-01   3.1921973850868687E-02   3.6150771034647491E-02
         2        200   3.3284160214541629E-03   1.1122405902914004E-01   3.1921973850868687E-02   3.6150771034647491E-02
         2        201   1.7371365024916301E-04   8.8709962111646196E-02   2.1443133443351203E-02   2.7954471362506624E-02
         2        202   4.4481785624974433E-03   1.1917998467610404E-01   3.4194875195032219E-02   2.5560025415675154E-02
         2        203   5.2155289158367507E-02   2.5710458269834369E-01   1.3965601982700171E-01   4.0456441061869998E-02
         2        204   5.2155289158367507E-02   2.5710458269834369E-01   1.3965601982700171E-01   4.0456441061869998E-02
         2        205   2.8320048897071768E-03   9.0297598201785539E-02   4.2757168266399463E-02   2.6016112222344283E-02
         2        206   2.8320048897071768E-03   9.0297598201785539E-02   4.2757168266399463E-02   2.6016112222344283E-02
         2        207   5.9728467520419846E-03   8.7949094989533336E-02   3.5986905507131163E-02   1.7697893139799491E-02
         2        208   5.9728467520419846E-03   8.7949094989533336E-02   3.5986905507131163E-02   1.7697893139799491E-02
         2        209   6.3180128552057860E-02   1.5494160604307805E-01   1.0336639078336539E-01   1.8548999200143058E-02
         2        210   9.5260130760879518E-03   1.9328634912095907E-01   1.1675095940632858E-01   6.9948329477970264E-02
         2        211   9.5260130760879518E-03   1.9328634912095907E-01   1.1675095940632858E-01   6.9948329477970264E-02
         2        212   8.4173421378103807E-03   2.0757851662740479E-01   9.9464470907268815E-02   6.9819977939702987E-02
         2        213   8.4173421378103807E-03   2.0757851662740479E-01   9.9464470907268815E-02   6.9819977939702987E-02
         3          1   1.6676763115614157E-01   2.6135958822379146E-01   2.0803659882286268E-01   9.8682529864143817E-03
         3          2   1.1869419176760410E-01   1.9768754375652794E-01   1.5246891018725198E-01   8.1875668594179260E-03
         3          3   8.0454358566510153E-01   1.0215657191860834E+00   9.0648785513590879E-01   2.3015526006325077E-02
         3          4   2.0812683037207944E+00   2.2669430126335470E+00   2.1728401927451859E+00   2.0696868532088245E-02
         3          5   2.4832485127115864E-01   3.2464765126852796E-01   2.8825005917852459E-01   9.3102068393944130E-03
         3          6   5.8232286210430784E-01   7.6404134785842348E-01   6.6434798102350023E-01   1.8387419577491619E-02
         3          7   1.5982441676932835E+00   1.7450170764570299E+00   1.6736226822587956E+00   1.5455416218282362E-02
         3          8   3.0889925866529988E-01   4.2898916890128352E-01   3.6111073839841917E-01   1.2360982499582292E-02
         3          9   1.0168540089110110E+00   1.1120210785253957E+00   1.0683107323360628E+00   9.6225461814033256E-03
         3         10   1.3075982504210140E-01   2.0501800327843400E-01   1.6207003610199017E-01   7.7279786990005648E-03
         3         11   2.9387476344956831E-01   4.8007657507792262E-01   3.7341438582768693E-01   2.0372945419223510E-02
         3         12   1.7546593764809713E+00   2.2927991212803187E+00   1.9973851801201907E+00   5.7157868112270423E-02
         3         13   1.7546593764809713E+00   2.2927991212803187E+00   1.9973851801201907E+00   5.7157868112270423E-02
         3         14   2.7912271321375270E-01   3.8198711172500960E-01   3.2336559680539212E-01   1.0475282765438470E-02
         3         15   2.7912271321375270E-01   3.8198711172500960E-01   3.2336559680539212E-01   1.0475282765438470E-02
         3         16   2.5731911760854237E-01   3.7008504022556754E-01   3.0945244327599003E-01   1.1504698348487250E-02
         3         17   2.5731911760854237E-01   3.7008504022556754E-01   3.0945244327599003E-01   1.1504698348487250E-02
         3         18   2.1585418163275003E+00   2.5681522782632631E+00   2.3551126289521758E+00   4.5884427606074502E-02
         3         19   7.0136537969052304E-01   8.5757445076115690E-01   7.7507559225379474E-01   1.6192753354461183E-02
         3         20   7.0136537969052304E-01   8.5757445076115690E-01   7.7507559225379474E-01   1.6192753354461183E-02
         3         21   4.9203376156566703E-01   7.1770005716438634E-01   6.0825988729782621E-01   2.6852944807323646E-02
         3         22   4.9203376156566703E-01   7.1770005716438634E-01   6.0825988729782621E-01   2.6852944807323646E-02
         3         23   2.5639126597576611E-01   4.5699969486434139E-01   3.4659566502870243E-01   1.9657451958409802E-02
         3         24   1.7184878436953874E+00   2.2216922980925924E+00   1.9421157416127546E+00   5.7148813345614211E-02
         3         25   1.7184878436953874E+00   2.2216922980925924E+00   1.9421157416127546E+00   5.7148813345614211E-02
         3         26   2.7868006629906306E-01   3.7792646002843372E-01   3.2340276689153541E-01   1.0088500407891710E-02
         3         27   2.7868006629906306E-01   3.7792646002843372E-01   3.2340276689153541E-01   1.0088500407891710E-02
         3         28   1.6625498877203096E-01   2.6619180079647303E-01   2.1309808835997374E-01   1.0879470686004953E-02
         3         29   1.6625498877203096E-01   2.6619180079647303E-01   2.1309808835997374E-01   1.0879470686004953E-02
         3         30   1.8576620543373614E+00   2.2338590409042238E+00   2.0423760993805220E+00   4.1893536791302241E-02
         3         31   7.0179590671104952E-01   8.5588611752124943E-01   7.7522118239945137E-01   1.6107540990475108E-02
         3         32   7.0179590671104952E-01   8.5588611752124943E-01   7.7522118239945137E-01   1.6107540990475108E-02
         3         33   5.4486879003279465E-01   7.4721142132567064E-01   6.4462622267481873E-01   2.2429709415108166E-02
         3         34   5.4486879003279465E-01   7.4721142132567064E-01   6.4462622267481873E-01   2.2429709415108166E-02
         3         35   1.8753255656558077E-01   3.1540284173753608E-01   2.3995697872249652E-01   1.3629088211441718E-02
         3         36   1.1733348915249013E+00   1.5399764656395358E+00   1.3375831066199897E+00   3.8481730980105218E-02
         3         37   1.1733348915249013E+00   1.5399764656395358E+00   1.3375831066199897E+00   3.8481730980105218E-02
         3         38   1.7864356718740576E-01   2.6633596183153774E-01   2.2235219630831995E-01   8.8504631824245263E-03
         3         39   1.7864356718740576E-01   2.6633596183153774E-01   2.2235219630831995E-01   8.8504631824245263E-03
         3         40   1.4392347474700442E+00   1.7124025155220060E+00   1.5705654508852622E+00   3.0629448472798200E-02
         3         41   4.7383393317628569E-01   5.8066404045205344E-01   5.2307230926261872E-01   1.0613612819799298E-02
         3         42   4.7383393317628569E-01   5.8066404045205344E-01   5.2307230926261872E-01   1.0613612819799298E-02
         3         43   3.1284435399090899E-01   4.7317989065791721E-01   3.9548910294030237E-01   1.9073733082853775E-02
         3         44   3.1284435399090899E-01   4.7317989065791721E-01   3.9548910294030237E-01   1.9073733082853775E-02
         3         45   1.5173781044849316E-01   2.8711978139413141E-01   2.1313825792351210E-01   1.3115681899894373E-02
         3         46   1.1337979129856182E+00   1.4688696424518093E+00   1.2823136681125533E+00   3.8508584089166638E-02
         3         47   1.1337979129856182E+00   1.4688696424518093E+00   1.2823136681125533E+00   3.8508584089166638E-02
         3         48   1.1383608196641728E+00   1.3781092781629649E+00   1.2578289213136082E+00   2.6692545165154302E-02
         3         49   4.7429431667640359E-01   5.7897570721214719E-01   5.2321789940827546E-01   1.0509446005184187E-02
         3         50   4.7429431667640359E-01   5.7897570721214719E-01   5.2321789940827546E-01   1.0509446005184187E-02
         3         51   3.6378082768950887E-01   5.0038108215307964E-01   4.3185543831729489E-01   1.4582263484103380E-02
         3         52   3.6378082768950887E-01   5.0038108215307964E-01   4.3185543831729489E-01   1.4582263484103380E-02
         3         53   3.2894671221656174E-01   4.7303082160189480E-01   3.8965414631192602E-01   1.4604294595852682E-02
         3         54   3.2894671221656174E-01   4.7303082160189480E-01   3.8965414631192602E-01   1.4604294595852682E-02
         3         55   5.1616590879859747E-01   6.1752670928159126E-01   5.6994509009726235E-01   1.0369653549565561E-02
         3         56   3.2095108028600905E-01   4.6182495019800368E-01   3.8195874569012483E-01   1.4394462590332063E-02
         3         57   3.2095108028600905E-01   4.6182495019800368E-01   3.8195874569012483E-01   1.4394462590332063E-02
         3         58   3.8733853576493937E-01   4.7193210816822151E-01   4.3185248275986415E-01   8.5907963437058740E-03
         3         59   2.1946715691083740E-01   3.1689074932665001E-01   2.5990274714634859E-01   9.8198597585390859E-03
         3         60   2.1946715691083740E-01   3.1689074932665001E-01   2.5990274714634859E-01   9.8198597585390859E-03
         3         61   2.1196865864368350E-01   3.0568487792276017E-01   2.5220734652454740E-01   9.6086659813711187E-03
         3         62   2.1196865864368350E-01   3.0568487792276017E-01   2.5220734652454740E-01   9.6086659813711187E-03
         4          1   2.9630720052502637E-02   1.7826118503818950E-01   9.0623065364885194E-02   1.5916121592803326E-02
         4          2   6.4644924307883989E-01   7.3747565487114874E-01   6.9161221429537534E-01   9.3781150371654628E-03
         4          3   1.7132282429466246E-02   1.2411856145418473E-01   5.9184609267749301E-02   1.1615379609942782E-02
         4          4   5.5341413801057937E-01   6.3881321909787625E-01   5.9697800899859443E-01   8.6397199482192433E-03
         4          5   4.1801755000217866E-01   4.9829171389645543E-01   4.5824675121708991E-01   7.9684082311715174E-03
         4          6   5.2640232719333047E-01   9.0560849992009096E-01   7.2675053300618464E-01   3.6202332462168779E-02
         4          7   1.9483887150672550E+00   2.1804616152394831E+00   2.0700018765382517E+00   2.5069471966604886E-02
         4          8   2.4820026146829199E-01   3.2470939170455404E-01   2.8825005917852459E-01   8.9353474515800717E-03
         4          9   3.3360276572281333E-01   6.4837018957866566E-01   4.9547629989372283E-01   3.0629830355402430E-02
         4         10   1.4963620784219283E+00   1.6726911255544497E+00   1.5832095515794897E+00   1.9240804367681202E-02
         4         11   1.2973932930629117E-01   3.3857090366469528E-01   2.2597397935619007E-01   2.0864304675235298E-02
         4         12   9.4505439703982097E-01   1.0628162594235731E+00   1.0028623273085078E+00   1.2450629186035816E-02
         4         13   3.5525592630954554E-02   1.3873320619755844E-01   7.6872414155213079E-02   1.0958365624194522E-02
         4         14   5.8424767109566933E-01   6.7379270023180360E-01   6.2885247067010530E-01   9.2098351518770816E-03
         4         15   3.5863516753371383E-01   4.3922570708470293E-01   3.9813876012410992E-01   7.9986256796652257E-03
         4         16   7.9536077183208626E-02   1.8986919890754173E-01   1.3221834761499643E-01   1.0987981311782673E-02
         4         17   7.9536077183208626E-02   1.8986919890754173E-01   1.3221834761499643E-01   1.0987981311782673E-02
         4         18   6.4579877516643097E-02   1.5102020344863779E-01   1.0603261718262860E-01   8.6764138680372870E-03
         4         19   6.4579877516643097E-02   1.5102020344863779E-01   1.0603261718262860E-01   8.6764138680372870E-03
         4         20   2.0820616474207684E-02   1.2161214044367732E-01   6.2872480623748672E-02   1.1180294209997598E-02
         4         21   2.0820616474207684E-02   1.2161214044367732E-01   6.2872480623748672E-02   1.1180294209997598E-02
         4         22   2.0789339358562402E-02   1.2058568288614001E-01   6.2505043990856352E-02   1.1058914720696787E-02
         4         23   2.0789339358562402E-02   1.2058568288614001E-01   6.2505043990856352E-02   1.1058914720696787E-02
         4         24   1.3420256918150444E-01   3.7858328007517639E-01   2.4920984725559009E-01   2.3825084705914910E-02
         4         25   1.0726083364050638E+00   1.9364192011144625E+00   1.5280164130318941E+00   8.6733253878207378E-02
         4         26   1.0726083364050638E+00   1.9364192011144625E+00   1.5280164130318941E+00   8.6733253878207378E-02
         4         27   1.6253822045854566E-01   3.1221806895727128E-01   2.3954427659601993E-01   1.5921498938062974E-02
         4         28   1.6253822045854566E-01   3.1221806895727128E-01   2.3954427659601993E-01   1.5921498938062974E-02
         4         29   1.8743901393710688E-01   3.3505246091966429E-01   2.5935680400814504E-01   1.3575087794453485E-02
         4         30   1.8743901393710688E-01   3.3505246091966429E-01   2.5935680400814504E-01   1.3575087794453485E-02
         4         31   1.8738336555726747E+00   2.3721768522243472E+00   2.1325583518488114E+00   5.3277224999878199E-02
         4         32   4.6031336309816595E-01   6.7859816397258799E-01   5.7218118078534919E-01   2.6281970591310429E-02
         4         33   4.6031336309816595E-01   6.7859816397258799E-01   5.7218118078534919E-01   2.6281970591310429E-02
         4         34   6.5986421838444842E-01   8.2827627964423289E-01   7.3847024782343451E-01   1.7959293388895091E-02
         4         35   6.5986421838444842E-01   8.2827627964423289E-01   7.3847024782343451E-01   1.7959293388895091E-02
         4         36   1.1083405818012086E-01   3.5349518526043988E-01   2.2040069454363323E-01   2.3607134609916605E-02
         4         37   1.0418110984653453E+00   1.8984675802679696E+00   1.4817064018966988E+00   8.5486112945491854E-02
         4         38   1.0418110984653453E+00   1.8984675802679696E+00   1.4817064018966988E+00   8.5486112945491854E-02
         4         39   1.2757623029703058E-01   2.3890860779875017E-01   1.7960046718217776E-01   1.2753335034333889E-02
         4         40   1.2757623029703058E-01   2.3890860779875017E-01   1.7960046718217776E-01   1.2753335034333889E-02
         4         41   1.8898235288042475E-01   3.2944467872749217E-01   2.5923900860184818E-01   1.3250202631797145E-02
         4         42   1.8898235288042475E-01   3.2944467872749217E-01   2.5923900860184818E-01   1.3250202631797145E-02
         4         43   1.6256961128984662E+00   2.0614987810758709E+00   1.8457823430553177E+00   4.7464440964238484E-02
         4         44   5.2012377360984063E-01   7.2161306557215632E-01   6.2148400859279407E-01   2.2530298196805874E-02
         4         45   5.2012377360984063E-01   7.2161306557215632E-01   6.2148400859279407E-01   2.2530298196805874E-02
         4         46   6.6375326856061434E-01   8.2795215159622759E-01   7.3883575131228141E-01   1.7752371365192053E-02
         4         47   6.6375326856061434E-01   8.2795215159622759E-01   7.3883575131228141E-01   1.7752371365192053E-02
         4         48   8.9920766907232719E-02   2.4421498946025269E-01   1.6312625036725464E-01   1.5354807257625884E-02
         4         49   7.1980582606137944E-01   1.2996864858754908E+00   1.0268010286655049E+00   5.8299405475800654E-02
         4         50   7.1980582606137944E-01   1.2996864858754908E+00   1.0268010286655049E+00   5.8299405475800654E-02
         4         51   1.1574568389240453E-01   2.2824236438500556E-01   1.7350923656072428E-01   1.2024084081390473E-02
         4         52   1.1574568389240453E-01   2.2824236438500556E-01   1.7350923656072428E-01   1.2024084081390473E-02
         4         53   1.1980910834350106E-01   2.1700944910363029E-01   1.6695744735990592E-01   8.8864697547131957E-03
         4         54   1.1980910834350106E-01   2.1700944910363029E-01   1.6695744735990592E-01   8.8864697547131957E-03
         4         55   1.2426724109782687E+00   1.5813969567098130E+00   1.4198975507613001E+00   3.6121405010108763E-02
         4         56   2.9820351755651142E-01   4.5496178679183408E-01   3.7638089039719974E-01   1.9147479496581618E-02
         4         57   2.9820351755651142E-01   4.5496178679183408E-01   3.7638089039719974E-01   1.9147479496581618E-02
         4         58   4.4098957258554472E-01   5.4943716594474790E-01   4.9043199230093787E-01   1.1680100952638165E-02
         4         59   4.4098957258554472E-01   5.4943716594474790E-01   4.9043199230093787E-01   1.1680100952638165E-02
         4         60   6.6552255905849289E-02   2.1912689464551552E-01   1.3431709765529784E-01   1.5341337825302176E-02
         4         61   6.8900858812165877E-01   1.2617348650289995E+00   9.8049101753030987E-01   5.7094568442052386E-02
         4         62   6.8900858812165877E-01   1.2617348650289995E+00   9.8049101753030987E-01   5.7094568442052386E-02
         4         63   1.2135244728681896E-01   2.1140166691145837E-01   1.6683965195360911E-01   8.6063006073163160E-03
         4         64   1.2135244728681896E-01   2.1140166691145837E-01   1.6683965195360911E-01   8.6063006073163160E-03
         4         65   9.9286214129409733E-01   1.2707188855613383E+00   1.1331215419678067E+00   3.0300782624664246E-02
         4         66   3.5697228058915353E-01   4.9466405382527973E-01   4.2568371820464457E-01   1.5214403517657687E-02
         4         67   3.5697228058915353E-01   4.9466405382527973E-01   4.2568371820464457E-01   1.5214403517657687E-02
         4         68   4.4365883308640791E-01   5.5002284045810068E-01   4.9079749578978471E-01   1.1497853394179630E-02
         4         69   4.4365883308640791E-01   5.5002284045810068E-01   4.9079749578978471E-01   1.1497853394179630E-02
         4         70   1.2959441951405690E-01   3.4316776981194641E-01   2.2894910110870192E-01   2.2045886396133793E-02
         4         71   1.2959441951405690E-01   3.4316776981194641E-01   2.2894910110870192E-01   2.2045886396133793E-02
         4         72   4.4563160983304673E-01   5.6378604583344882E-01   5.0181921048157130E-01   1.2551742059236860E-02
         4         73   1.2651847433593805E-01   3.3687420083337188E-01   2.2440475271526361E-01   2.1405854821629978E-02
         4         74   1.2651847433593805E-01   3.3687420083337188E-01   2.2440475271526361E-01   2.1405854821629978E-02
         4         75   3.1173844585829535E-01   4.1044331927826999E-01   3.5713203461096843E-01   1.0382361896468241E-02
         4         76   8.6679253667129932E-02   2.2999662343516450E-01   1.5339307006562711E-01   1.4833077241607602E-02
         4         77   8.6679253667129932E-02   2.2999662343516450E-01   1.5339307006562711E-01   1.4833077241607602E-02
         4         78   2.9791022465903461E-01   3.7587873933991084E-01   3.3468226401576812E-01   8.4168723488070654E-03
         4         79   8.3603308489011083E-02   2.2370305445658958E-01   1.4884872167218871E-01   1.4201342808303560E-02
         4         80   8.3603308489011083E-02   2.2370305445658958E-01   1.4884872167218871E-01   1.4201342808303560E-02
