################################################################################
# Symmetry function scaling data.
################################################################################
# Col  Name     Description
################################################################################
# 1    e_index  Element index.
# 2    sf_index Symmetry function index.
# 3    sf_min   Symmetry function minimum.
# 4    sf_max   Symmetry function maximum.
# 5    sf_mean  Symmetry function mean.
# 6    sf_sigma Symmetry function sigma.
#########################################################################################################################
#        1          2                        3                        4                        5                        6
#  e_index   sf_index                   sf_min                   sf_max                  sf_mean                 sf_sigma
#########################################################################################################################
         1          1   1.2041702322137522E-05   3.2009271547696744E-01   1.1153332699544401E-01   6.2613809763645528E-02
         1          2   4.2000812004221005E-01   6.5363216066467755E-01   5.3893945827787726E-01   2.7962035154974658E-02
         1          3   7.3203887925499297E-02   1.9182593767425174E-01   1.0583613673513725E-01   9.6631561901142967E-03
         1          4   0.0000000000000000E+00   1.4852369574564095E-01   4.3826786696279409E-02   2.8609057243157342E-02
         1          5   5.3831554014580694E-06   2.7303520259400160E-01   7.7481398158840128E-02   4.4997087240277511E-02
         1          6   3.4819500678124438E-01   5.4732523089822505E-01   4.4538304158406727E-01   2.2344690966287818E-02
         1          7   0.0000000000000000E+00   1.0609346004278261E-01   2.8590936485455246E-02   1.8797068471006703E-02
         1          8   1.1445812603182011E-06   2.0467725732475217E-01   3.9326378954736375E-02   2.4704803380388503E-02
         1          9   2.6707512847691844E-01   4.1515379189258805E-01   3.3397841060605388E-01   1.6233872606990558E-02
         1         10   1.3101886598990044E-07   1.3962981046453099E-01   1.5915545303145467E-02   1.1488237338820801E-02
         1         11   2.0850436940761682E-01   3.1490922143036099E-01   2.5299155302737303E-01   1.1546776352273625E-02
         1         12   2.7251996498731390E-01   9.8789817668074409E-01   6.9523036076807121E-01   1.8554013330961083E-01
         1         13   1.7408195264760216E+00   2.2436118229424613E+00   2.0077012492091750E+00   8.5263319908079602E-02
         1         14   3.6874307470390488E-01   6.7947958051138724E-01   4.5812275448565809E-01   3.5525046684559511E-02
         1         15   1.7124700364559400E-01   6.4895866438318095E-01   3.5801408778108479E-01   1.2339871807363019E-01
         1         16   1.4253988806863702E-01   7.6034306640707727E-01   4.8494103432249591E-01   1.5692447596206655E-01
         1         17   1.2775009296933180E+00   1.6867008790824209E+00   1.4931588705075409E+00   6.5939133427420166E-02
         1         18   2.6230926637266733E-01   5.2283716356377863E-01   3.3635296072884091E-01   2.8054942404644692E-02
         1         19   9.0418788179273693E-02   4.8633251907233244E-01   2.4336115526522464E-01   9.9666565520651590E-02
         1         20   3.4772026310557543E-02   4.6047040501114361E-01   2.3647402017246125E-01   9.9024794665674626E-02
         1         21   7.2954227338645983E-01   1.0069576225385297E+00   8.7080772731025091E-01   3.8589623031025706E-02
         1         22   1.3505132591318283E-01   3.0354967594355670E-01   1.8330992238403485E-01   1.6280560333295606E-02
         1         23   2.1496549132096185E-02   2.6502171597206353E-01   1.1039907769353674E-01   5.6212670948166475E-02
         1         24   4.6070901559791665E-03   2.8329250837464731E-01   9.1284754108272706E-02   4.6829830370618414E-02
         1         25   3.9954488341012778E-01   5.8331675191113597E-01   4.9059076520681077E-01   2.1161568465871049E-02
         1         26   2.6466714724410678E-03   1.1530019082099914E-01   3.7338753551244039E-02   2.1902952513946104E-02
         1         27   3.4753116188706033E-04   1.7426345830299447E-01   2.9197378094287768E-02   1.8036499177324392E-02
         1         28   2.5420091906537179E-01   3.7987484956187745E-01   3.0832477457020485E-01   1.3376567408400921E-02
         1         29   1.4139005509178862E-01   2.2122131688126820E-01   1.7820809478168481E-01   7.5655536082997639E-03
         1         30   4.8061000097764277E-03   9.9730010752911033E-02   4.2382202790103497E-02   1.8672726559518706E-02
         1         31   4.8061000097764277E-03   9.9730010752911033E-02   4.2382202790103497E-02   1.8672726559518706E-02
         1         32   3.0752307046199218E-02   2.1459758470089352E-01   1.2439461022485664E-01   4.2889592634306188E-02
         1         33   3.0752307046199218E-02   2.1459758470089352E-01   1.2439461022485664E-01   4.2889592634306188E-02
         1         34   1.0576185040169166E-01   1.8823945598094000E-01   1.4277354701894002E-01   1.5849108776976123E-02
         1         35   1.6089064556028675E-02   1.5792964332462292E-01   6.7696650410640505E-02   3.4426147468221910E-02
         1         36   1.6089064556028675E-02   1.5792964332462292E-01   6.7696650410640505E-02   3.4426147468221910E-02
         1         37   2.7137158955366274E-02   1.7219433232823744E-01   1.0080715310511106E-01   3.3369032512165678E-02
         1         38   2.7137158955366274E-02   1.7219433232823744E-01   1.0080715310511106E-01   3.3369032512165678E-02
         1         39   1.4255749356311610E-02   1.2989914697052524E-01   5.8462937832700949E-02   2.8137564744730271E-02
         1         40   1.4255749356311610E-02   1.2989914697052524E-01   5.8462937832700949E-02   2.8137564744730271E-02
         1         41   5.7735584554764508E-06   2.2832905920903715E-01   6.4582522999852995E-02   3.7755505657754901E-02
         1         42   5.7735584554764508E-06   2.2832905920903715E-01   6.4582522999852995E-02   3.7755505657754901E-02
         1         43   4.3821965638014562E-02   2.0445227493831239E-01   1.1979146385028802E-01   1.8192630391848385E-02
         1         44   0.0000000000000000E+00   9.7482117510850494E-02   2.9232490443672435E-02   1.8045432904210248E-02
         1         45   0.0000000000000000E+00   9.7482117510850494E-02   2.9232490443672435E-02   1.8045432904210248E-02
         1         46   7.7155245524946937E-06   1.5862950729372310E-01   5.4444417069370629E-02   3.0141095399814036E-02
         1         47   7.7155245524946937E-06   1.5862950729372310E-01   5.4444417069370629E-02   3.0141095399814036E-02
         1         48   4.7073981365177389E-02   1.3670709349406926E-01   8.7187314911107247E-02   1.2948923819042559E-02
         1         49   0.0000000000000000E+00   8.8420861807060824E-02   1.8937622490198553E-02   1.4544474683993402E-02
         1         50   0.0000000000000000E+00   8.8420861807060824E-02   1.8937622490198553E-02   1.4544474683993402E-02
         1         51   4.1273020758373051E-06   1.7384729462329082E-01   4.1815639790461025E-02   2.5989483426836137E-02
         1         52   4.1273020758373051E-06   1.7384729462329082E-01   4.1815639790461025E-02   2.5989483426836137E-02
         1         53   2.5310475171823551E-02   1.4993519141472203E-01   8.6054133365268043E-02   1.4995603077599161E-02
         1         54   6.0692681728555505E-06   9.5044544708215925E-02   3.1677533859978638E-02   1.7438175727462264E-02
         1         55   6.0692681728555505E-06   9.5044544708215925E-02   3.1677533859978638E-02   1.7438175727462264E-02
         1         56   2.9294881766550138E-07   1.0096761771172275E-01   1.5502417835508436E-02   1.0634215240535205E-02
         1         57   2.9294881766550138E-07   1.0096761771172275E-01   1.5502417835508436E-02   1.0634215240535205E-02
         1         58   2.2704685637859354E-07   8.1958469721040372E-02   1.0391041327211838E-02   7.9826687449566190E-03
         1         59   2.2704685637859354E-07   8.1958469721040372E-02   1.0391041327211838E-02   7.9826687449566190E-03
         1         60   3.2164368938973793E-02   4.7269429799091650E-01   2.5457400599595337E-01   1.1058837424311427E-01
         1         61   5.6365161344487191E-01   2.0242685685020074E+00   1.3848522331958337E+00   3.4413840747210922E-01
         1         62   5.6365161344487191E-01   2.0242685685020074E+00   1.3848522331958337E+00   3.4413840747210922E-01
         1         63   1.0752207759463098E-01   6.3097597788789750E-01   3.1346695856513557E-01   9.0377773796359875E-02
         1         64   1.0752207759463098E-01   6.3097597788789750E-01   3.1346695856513557E-01   9.0377773796359875E-02
         1         65   1.2853608835739613E-01   3.6390977357520321E-01   2.3230288787262521E-01   2.5727163137087998E-02
         1         66   1.2853608835739613E-01   3.6390977357520321E-01   2.3230288787262521E-01   2.5727163137087998E-02
         1         67   1.4295963131545470E+00   2.4967198597496698E+00   1.9726916468333251E+00   1.7375768387293736E-01
         1         68   5.9784954006035473E-01   1.4310118759878352E+00   8.4323113965983842E-01   1.0096355319634842E-01
         1         69   5.9784954006035473E-01   1.4310118759878352E+00   8.4323113965983842E-01   1.0096355319634842E-01
         1         70   3.3106839593132642E-01   1.4506816356091141E+00   7.7253010397209065E-01   2.8814150973027935E-01
         1         71   3.3106839593132642E-01   1.4506816356091141E+00   7.7253010397209065E-01   2.8814150973027935E-01
         1         72   3.4177019155913146E-02   2.2319569753729332E-01   6.8257678043727746E-02   1.9247894378058419E-02
         1         73   9.7926873881515455E-02   3.6001884997630290E-01   2.1119732658086623E-01   6.1816631883541771E-02
         1         74   9.7926873881515455E-02   3.6001884997630290E-01   2.1119732658086623E-01   6.1816631883541771E-02
         1         75   1.1794292251746337E-02   2.0144655914475468E-01   5.5614647979419403E-02   5.2183002726070189E-02
         1         76   3.0244398356809418E-02   3.7617589218777764E-01   1.9875643926546238E-01   8.1697292967114837E-02
         1         77   5.8364875367316327E-01   1.9594737817759209E+00   1.3795147047111957E+00   3.3382720124781051E-01
         1         78   5.8364875367316327E-01   1.9594737817759209E+00   1.3795147047111957E+00   3.3382720124781051E-01
         1         79   1.1457369566811045E-01   5.5754170364293476E-01   3.2045834597290568E-01   8.0418614703134064E-02
         1         80   1.1457369566811045E-01   5.5754170364293476E-01   3.2045834597290568E-01   8.0418614703134064E-02
         1         81   9.9601770465029951E-02   3.2500423056073435E-01   2.2157139357796837E-01   2.6819926418762692E-02
         1         82   9.9601770465029951E-02   3.2500423056073435E-01   2.2157139357796837E-01   2.6819926418762692E-02
         1         83   1.3739001600031149E+00   2.2538119521912150E+00   1.8017181171366550E+00   1.6486094449810529E-01
         1         84   7.4714308066434942E-01   1.4784499741617092E+00   9.9865732496116344E-01   9.0654343105867202E-02
         1         85   7.4714308066434942E-01   1.4784499741617092E+00   9.9865732496116344E-01   9.0654343105867202E-02
         1         86   2.9027603859706103E-01   1.3727061004387200E+00   6.8372558766831182E-01   2.8256934850261894E-01
         1         87   2.9027603859706103E-01   1.3727061004387200E+00   6.8372558766831182E-01   2.8256934850261894E-01
         1         88   5.0592595311087118E-02   2.3981806947309112E-01   1.1742157886409353E-01   5.8703449756314752E-02
         1         89   5.0592595311087118E-02   2.3981806947309112E-01   1.1742157886409353E-01   5.8703449756314752E-02
         1         90   1.0777189197969881E-02   1.4878831874416135E-01   5.8598853729760064E-02   3.8208643182838148E-02
         1         91   2.0701326411238955E-02   3.3644597178664687E-01   1.7983311853071246E-01   7.7048933297565625E-02
         1         92   3.6377337997609444E-01   1.3788677333673649E+00   9.0253817093243327E-01   2.2447950627716640E-01
         1         93   3.6377337997609444E-01   1.3788677333673649E+00   9.0253817093243327E-01   2.2447950627716640E-01
         1         94   5.9229532247353535E-02   4.4711349399781675E-01   2.0383536166424873E-01   6.2890145398547148E-02
         1         95   5.9229532247353535E-02   4.4711349399781675E-01   2.0383536166424873E-01   6.2890145398547148E-02
         1         96   7.5383553069084730E-02   2.5642784751569675E-01   1.4441236611930525E-01   1.9350804375956626E-02
         1         97   7.5383553069084730E-02   2.5642784751569675E-01   1.4441236611930525E-01   1.9350804375956626E-02
         1         98   9.5118632919176049E-01   1.6892449491211625E+00   1.3275273106961780E+00   1.1227383104696864E-01
         1         99   3.8193021368526853E-01   9.6690842770443886E-01   5.5006549556831297E-01   6.8770480277245138E-02
         1        100   3.8193021368526853E-01   9.6690842770443886E-01   5.5006549556831297E-01   6.8770480277245138E-02
         1        101   2.2226899526418298E-01   9.7232573483550810E-01   5.4274476555041962E-01   1.8989489688198308E-01
         1        102   2.2226899526418298E-01   9.7232573483550810E-01   5.4274476555041962E-01   1.8989489688198308E-01
         1        103   1.4138679916556667E-02   1.6448342245054190E-01   3.6236654890987194E-02   1.3970509351164217E-02
         1        104   6.2177444018734013E-02   2.6775537890641810E-01   1.5780762310658505E-01   4.2225591152626252E-02
         1        105   6.2177444018734013E-02   2.6775537890641810E-01   1.5780762310658505E-01   4.2225591152626252E-02
         1        106   7.6598820488023413E-03   1.4528174133054536E-01   3.6141288162386632E-02   3.6349085649407475E-02
         1        107   2.1021649305979249E-02   2.3853482730623660E-01   1.2401555180022153E-01   4.8169762687137539E-02
         1        108   3.8945346589078733E-01   1.2922682222772732E+00   8.9720064244779474E-01   2.1284236276781093E-01
         1        109   3.8945346589078733E-01   1.2922682222772732E+00   8.9720064244779474E-01   2.1284236276781093E-01
         1        110   7.6832083713396726E-02   3.7177871990999156E-01   2.1082674907201890E-01   5.1316338991301759E-02
         1        111   7.6832083713396726E-02   3.7177871990999156E-01   2.1082674907201890E-01   5.1316338991301759E-02
         1        112   4.8497488354506645E-02   2.1233682287662808E-01   1.3368087182464852E-01   1.8628594617285270E-02
         1        113   4.8497488354506645E-02   2.1233682287662808E-01   1.3368087182464852E-01   1.8628594617285270E-02
         1        114   8.9287339749281380E-01   1.4435652371150325E+00   1.1565537809995075E+00   1.0223897367523686E-01
         1        115   5.3059321396416315E-01   1.0143465258783118E+00   7.0549168086963832E-01   5.7824545014437415E-02
         1        116   5.3059321396416315E-01   1.0143465258783118E+00   7.0549168086963832E-01   5.7824545014437415E-02
         1        117   1.8651936052733867E-01   8.9435019966511442E-01   4.5394024924664089E-01   1.8390026346402982E-01
         1        118   1.8651936052733867E-01   8.9435019966511442E-01   4.5394024924664089E-01   1.8390026346402982E-01
         1        119   2.3394673065065479E-02   1.4444767620525895E-01   6.4031875389812337E-02   3.8176024397802891E-02
         1        120   2.3394673065065479E-02   1.4444767620525895E-01   6.4031875389812337E-02   3.8176024397802891E-02
         1        121   7.7070877588018378E-03   9.1907864662981259E-02   3.9125493912727294E-02   2.2185501200752942E-02
         1        122   5.7403928562993879E-04   9.4642302029542602E-02   3.0934140190415127E-02   1.7714109353852845E-02
         1        123   2.9468211936588651E-02   4.6131662840225579E-01   2.0853154286607320E-01   8.7877015921506679E-02
         1        124   2.9468211936588651E-02   4.6131662840225579E-01   2.0853154286607320E-01   8.7877015921506679E-02
         1        125   5.1766680883536427E-03   1.3440786760027532E-01   4.4348652321088283E-02   2.0598444363863596E-02
         1        126   5.1766680883536427E-03   1.3440786760027532E-01   4.4348652321088283E-02   2.0598444363863596E-02
         1        127   2.0753336948693668E-01   4.8976857019507430E-01   3.4602058790631712E-01   3.5688589899492779E-02
         1        128   7.4983508339117627E-02   2.7721277252030596E-01   1.2803128167169409E-01   1.9376638417476628E-02
         1        129   7.4983508339117627E-02   2.7721277252030596E-01   1.2803128167169409E-01   1.9376638417476628E-02
         1        130   1.8232136828758790E-02   2.7063336642930541E-01   1.1108012066839901E-01   5.5904858107650959E-02
         1        131   1.8232136828758790E-02   2.7063336642930541E-01   1.1108012066839901E-01   5.5904858107650959E-02
         1        132   3.3189078498683314E-02   3.8850878328027721E-01   1.9812333863799658E-01   7.9361742385615858E-02
         1        133   3.3189078498683314E-02   3.8850878328027721E-01   1.9812333863799658E-01   7.9361742385615858E-02
         1        134   2.1393075577778506E-01   3.9693416958022559E-01   2.9645503828756303E-01   3.1793565362393375E-02
         1        135   1.3030482274779243E-01   3.1399234589626140E-01   1.9163837482925913E-01   1.8138577324977020E-02
         1        136   1.3030482274779243E-01   3.1399234589626140E-01   1.9163837482925913E-01   1.8138577324977020E-02
         1        137   1.5691062877063965E-02   2.4579657690292256E-01   8.4528930388759693E-02   5.1503379818781496E-02
         1        138   1.5691062877063965E-02   2.4579657690292256E-01   8.4528930388759693E-02   5.1503379818781496E-02
         1        139   1.9371597585296586E-02   3.3273148913009409E-01   1.3438858172408594E-01   5.7845234607757180E-02
         1        140   1.9371597585296586E-02   3.3273148913009409E-01   1.3438858172408594E-01   5.7845234607757180E-02
         1        141   2.7417817118241092E-03   9.6358834476399841E-02   2.8826282704750371E-02   1.4372202611909496E-02
         1        142   2.7417817118241092E-03   9.6358834476399841E-02   2.8826282704750371E-02   1.4372202611909496E-02
         1        143   1.3119248844184830E-01   3.3275778817831947E-01   2.3822243415903227E-01   2.5190625422758604E-02
         1        144   4.5535104693173546E-02   1.8371806533645313E-01   8.1770575324266903E-02   1.2979718969575085E-02
         1        145   4.5535104693173546E-02   1.8371806533645313E-01   8.1770575324266903E-02   1.2979718969575085E-02
         1        146   1.2091792865658696E-02   1.8167075599398402E-01   8.1698608727852645E-02   3.6995514077433338E-02
         1        147   1.2091792865658696E-02   1.8167075599398402E-01   8.1698608727852645E-02   3.6995514077433338E-02
         1        148   2.3092464147391224E-02   2.4656929427361174E-01   1.2398037749600933E-01   4.8229746266318048E-02
         1        149   2.3092464147391224E-02   2.4656929427361174E-01   1.2398037749600933E-01   4.8229746266318048E-02
         1        150   1.3934908793463929E-01   2.5072807146372184E-01   1.8865688454027824E-01   1.8887801908944575E-02
         1        151   9.9440050960012988E-02   2.1969672611690716E-01   1.4537766848183192E-01   1.1513537045504620E-02
         1        152   9.9440050960012988E-02   2.1969672611690716E-01   1.4537766848183192E-01   1.1513537045504620E-02
         1        153   9.5507189139638921E-03   1.5683396646760150E-01   5.5147418448213276E-02   3.2226817562291205E-02
         1        154   9.5507189139638921E-03   1.5683396646760150E-01   5.5147418448213276E-02   3.2226817562291205E-02
         1        155   7.3799514044604493E-05   8.0578772189288633E-02   1.0672185327727025E-02   7.3284216690496957E-03
         1        156   7.3799514044604493E-05   8.0578772189288633E-02   1.0672185327727025E-02   7.3284216690496957E-03
         2          1   3.1877545984333448E-02   5.3631744355821986E-01   2.3952864812350100E-01   1.2582818427123751E-01
         2          2   2.3219240723325821E-01   4.5137248328458462E-01   3.2595596245596015E-01   4.1886426701718930E-02
         2          3   0.0000000000000000E+00   2.8868921853102214E-01   1.6747579907917728E-01   1.1518543981699279E-01
         2          4   1.3819344699016435E-06   3.5104227330612747E-01   1.5310199975059777E-01   1.3587771216958672E-01
         2          5   1.8658384348686077E-02   4.5435802884438786E-01   1.9794801848180774E-01   1.1937277041273846E-01
         2          6   1.5856586221016536E-01   3.2650506205686747E-01   2.3080724057652061E-01   3.1067361483198282E-02
         2          7   0.0000000000000000E+00   2.4797097322556277E-01   1.4073344988405972E-01   9.7780223190145538E-02
         2          8   6.0989845857508708E-07   3.1389629246741346E-01   1.3208306964785049E-01   1.2089925806305846E-01
         2          9   6.7090745124927268E-03   3.5275320212615613E-01   1.4843484915824615E-01   1.1050266094721312E-01
         2         10   7.5399764220630355E-02   1.7787423207505601E-01   1.2035773978143645E-01   1.7636112670792674E-02
         2         11   0.0000000000000000E+00   1.8637823143726021E-01   1.0134894352518001E-01   7.1269478739021772E-02
         2         12   1.2651061500226181E-07   2.5365191756811256E-01   1.0128850571242903E-01   9.6097208344341267E-02
         2         13   1.6248216970398009E-03   2.7022857592854443E-01   1.1244069023438803E-01   1.0065032611766368E-01
         2         14   0.0000000000000000E+00   1.2584004519027775E-01   6.4427269359862052E-02   4.5703119203290898E-02
         2         15   1.3987904967350300E-08   1.8852595875331338E-01   7.1336587687599595E-02   6.9203539066471531E-02
         2         16   1.9327306439663277E-07   1.3120343763798453E-01   4.5880553198377430E-02   5.1050829338152436E-02
         2         17   5.1702096335548357E-11   7.7268359303027820E-02   2.3801856302153722E-02   2.6809735227532334E-02
         2         18   5.6269727054394292E-01   1.3515308471358827E+00   8.9231166631518888E-01   1.6834262094358135E-01
         2         19   1.4505495496012675E+00   1.9345467600319100E+00   1.7153614345132087E+00   9.1048261974450526E-02
         2         20   1.7088262470847951E-01   6.7232986884650736E-01   4.8139051519637471E-01   1.7828757845780135E-01
         2         21   1.5956253444646834E-01   7.2115195145169630E-01   4.5898539585595505E-01   1.8488858797654867E-01
         2         22   3.6567599579046622E-01   1.0874937437912500E+00   6.6362616467001845E-01   1.6052320664686448E-01
         2         23   1.0041217463298104E+00   1.4216083985818615E+00   1.2196625248270205E+00   8.1424885556499085E-02
         2         24   8.8625109809945465E-02   5.4480057330906795E-01   3.7050093572727988E-01   1.6812427496017129E-01
         2         25   8.6133251159285273E-02   5.9954112774814416E-01   3.5099010100293293E-01   1.7745735612955499E-01
         2         26   1.4607607924070515E-01   7.3441267542365274E-01   3.8702565658233384E-01   1.4235844749944321E-01
         2         27   4.9175477863504269E-01   7.7814673970251991E-01   6.2312447653786862E-01   5.6955035590550505E-02
         2         28   2.1179210635736190E-02   3.8005879918103053E-01   2.3608691103155427E-01   1.3735735094360707E-01
         2         29   2.2056631585145394E-02   4.4342645659096336E-01   2.2218066806584258E-01   1.5403246265437770E-01
         2         30   3.8169482664311978E-02   4.7496812361802471E-01   2.1804034009191584E-01   1.2494554119180788E-01
         2         31   1.8863249690245437E-01   3.4674474964939928E-01   2.5682065872239052E-01   3.0162323253743781E-02
         2         32   2.4935751061651900E-03   2.5163290234880475E-01   1.4359480412618472E-01   9.5733749107698343E-02
         2         33   2.9602672365407609E-03   3.2194966393274249E-01   1.3913626425009426E-01   1.1960230535998759E-01
         2         34   6.8206943843829243E-03   3.2229041942832148E-01   1.3703323314231325E-01   1.1094715602611320E-01
         2         35   1.5044680875023252E-04   1.5673716576552305E-01   8.2646327771383601E-02   5.7879403629253666E-02
         2         36   2.0060596187617113E-04   2.2520844654648464E-01   8.7936564156527577E-02   8.3158246160646043E-02
         2         37   1.1008973813961961E-04   2.0089313420221949E-01   7.9203597680748763E-02   8.3590920932409316E-02
         2         38   2.9351428295617627E-07   9.6326427823631572E-02   3.2898675348229302E-02   3.2315979254614047E-02
         2         39   3.4760816280059192E-08   1.1821241045717414E-01   3.9757042059276680E-02   4.4484343396255288E-02
         2         40   1.3691486061081592E-02   9.5195150234321235E-02   4.8981367276215444E-02   2.0901346406314664E-02
         2         41   1.3691486061081592E-02   9.5195150234321235E-02   4.8981367276215444E-02   2.0901346406314664E-02
         2         42   6.3639743039527283E-02   2.2977394230622117E-01   1.3776004643598172E-01   2.8068207408507559E-02
         2         43   6.3639743039527283E-02   2.2977394230622117E-01   1.3776004643598172E-01   2.8068207408507559E-02
         2         44   1.7125772784656327E-02   1.5689579769707673E-01   1.0256820828946596E-01   5.0820426259288703E-02
         2         45   1.7125772784656327E-02   1.5689579769707673E-01   1.0256820828946596E-01   5.0820426259288703E-02
         2         46   1.6809029416554325E-02   1.5917217373351780E-01   8.8638251990932088E-02   4.7242066412193681E-02
         2         47   1.6809029416554325E-02   1.5917217373351780E-01   8.8638251990932088E-02   4.7242066412193681E-02
         2         48   5.4028802894534808E-02   1.8486565450063980E-01   1.1256003508042867E-01   2.1547204062419500E-02
         2         49   5.4028802894534808E-02   1.8486565450063980E-01   1.1256003508042867E-01   2.1547204062419500E-02
         2         50   1.5498418624687531E-02   1.2995578843262248E-01   8.6238057510574173E-02   4.1582942829419101E-02
         2         51   1.5498418624687531E-02   1.2995578843262248E-01   8.6238057510574173E-02   4.1582942829419101E-02
         2         52   1.5068602595271622E-02   1.3509756253806723E-01   7.5658104851767688E-02   3.9519363682413232E-02
         2         53   1.5068602595271622E-02   1.3509756253806723E-01   7.5658104851767688E-02   3.9519363682413232E-02
         2         54   9.4577833668421461E-03   1.9330495015683694E-01   8.7750802197106001E-02   4.8346969346919677E-02
         2         55   9.4577833668421461E-03   1.9330495015683694E-01   8.7750802197106001E-02   4.8346969346919677E-02
         2         56   0.0000000000000000E+00   1.7686112644682417E-01   6.3254285943627350E-02   6.2353758325388003E-02
         2         57   0.0000000000000000E+00   1.7686112644682417E-01   6.3254285943627350E-02   6.2353758325388003E-02
         2         58   5.5128659357841898E-07   1.2387072875448570E-01   2.6778744489794882E-02   2.7801176215561812E-02
         2         59   5.5128659357841898E-07   1.2387072875448570E-01   2.6778744489794882E-02   2.7801176215561812E-02
         2         60   2.4622678242514035E-02   1.0082735725026669E-01   5.1120674749659291E-02   1.5377739867540522E-02
         2         61   0.0000000000000000E+00   1.1202247405690557E-01   4.9486482548687157E-02   3.6185578582237338E-02
         2         62   0.0000000000000000E+00   1.1202247405690557E-01   4.9486482548687157E-02   3.6185578582237338E-02
         2         63   3.5898196507378444E-07   1.1775196914646562E-01   4.8182798301162781E-02   3.9933897407690142E-02
         2         64   3.5898196507378444E-07   1.1775196914646562E-01   4.8182798301162781E-02   3.9933897407690142E-02
         2         65   0.0000000000000000E+00   8.0004595148435179E-02   1.7188914808351139E-02   2.7629683271061026E-02
         2         66   0.0000000000000000E+00   8.0004595148435179E-02   1.7188914808351139E-02   2.7629683271061026E-02
         2         67   1.8306530422778288E-04   1.0294127584406110E-01   1.6959099101954752E-02   1.6552021644240689E-02
         2         68   8.1094451104690088E-03   1.4860603776666020E-01   6.2964815356715956E-02   2.6515301671895551E-02
         2         69   8.1094451104690088E-03   1.4860603776666020E-01   6.2964815356715956E-02   2.6515301671895551E-02
         2         70   0.0000000000000000E+00   1.0288141144112950E-01   3.0012741207433104E-02   2.5052366779704204E-02
         2         71   0.0000000000000000E+00   1.0288141144112950E-01   3.0012741207433104E-02   2.5052366779704204E-02
         2         72   2.8300395625517512E-07   7.6403149592728828E-02   1.9027290884326111E-02   1.7611933677843462E-02
         2         73   2.8300395625517512E-07   7.6403149592728828E-02   1.9027290884326111E-02   1.7611933677843462E-02
         2         74   0.0000000000000000E+00   1.1902663860481640E-01   6.4032096517265547E-02   4.4459953867720371E-02
         2         75   0.0000000000000000E+00   1.1902663860481640E-01   6.4032096517265547E-02   4.4459953867720371E-02
         2         76   4.1743200789421366E-07   1.2925854795425121E-01   5.1588313024571709E-02   4.4580668784525129E-02
         2         77   4.1743200789421366E-07   1.2925854795425121E-01   5.1588313024571709E-02   4.4580668784525129E-02
         2         78   6.3451682076377490E-03   1.3799877517792908E-01   6.2485575045245413E-02   3.6913407158613278E-02
         2         79   6.3451682076377490E-03   1.3799877517792908E-01   6.2485575045245413E-02   3.6913407158613278E-02
         2         80   0.0000000000000000E+00   1.3254658897056026E-01   4.7070112432457629E-02   4.7715443534389265E-02
         2         81   0.0000000000000000E+00   1.3254658897056026E-01   4.7070112432457629E-02   4.7715443534389265E-02
         2         82   3.7680189416778508E-07   8.8090608182927091E-02   1.7585123641869330E-02   1.8770213127461497E-02
         2         83   3.7680189416778508E-07   8.8090608182927091E-02   1.7585123641869330E-02   1.8770213127461497E-02
         2         84   0.0000000000000000E+00   7.6279322175176550E-02   3.1960459989962046E-02   2.3996916968906278E-02
         2         85   0.0000000000000000E+00   7.6279322175176550E-02   3.1960459989962046E-02   2.3996916968906278E-02
         2         86   1.8698793730508339E-07   8.8508888756339971E-02   3.4736476068331544E-02   2.9024434764701231E-02
         2         87   1.8698793730508339E-07   8.8508888756339971E-02   3.4736476068331544E-02   2.9024434764701231E-02
         2         88   4.9968299512646161E-03   9.1737639578380895E-02   3.7699588204855361E-02   1.5200745222093586E-02
         2         89   4.9968299512646161E-03   9.1737639578380895E-02   3.7699588204855361E-02   1.5200745222093586E-02
         2         90   0.0000000000000000E+00   8.6127047855947672E-02   4.6506073958540409E-02   3.2261122589914967E-02
         2         91   0.0000000000000000E+00   8.6127047855947672E-02   4.6506073958540409E-02   3.2261122589914967E-02
         2         92   2.7652926313489966E-07   9.8090750907151442E-02   3.8141990791740452E-02   3.3794075095570968E-02
         2         93   2.7652926313489966E-07   9.8090750907151442E-02   3.8141990791740452E-02   3.3794075095570968E-02
         2         94   0.0000000000000000E+00   8.0298486381350301E-02   2.8605673234135497E-02   3.0489724083689201E-02
         2         95   0.0000000000000000E+00   8.0298486381350301E-02   2.8605673234135497E-02   3.0489724083689201E-02
         2         96   1.4512671778795935E-01   8.5013586038868671E-01   3.6999689896725751E-01   1.3609541177158729E-01
         2         97   8.6690839173474232E-01   2.3439684725501224E+00   1.5639193077183875E+00   2.9297190091101066E-01
         2         98   8.6690839173474232E-01   2.3439684725501224E+00   1.5639193077183875E+00   2.9297190091101066E-01
         2         99   1.1356797226120217E-01   9.5385650941777966E-01   4.7060317919072420E-01   2.4318351606057498E-01
         2        100   1.1356797226120217E-01   9.5385650941777966E-01   4.7060317919072420E-01   2.4318351606057498E-01
         2        101   1.7489765138569593E-01   7.7385783613867798E-01   4.1559998872288251E-01   1.5424857315321452E-01
         2        102   1.7489765138569593E-01   7.7385783613867798E-01   4.1559998872288251E-01   1.5424857315321452E-01
         2        103   1.0303625164643024E+00   1.8706948079018240E+00   1.4630577612706657E+00   1.6231398541675762E-01
         2        104   2.3635081677292510E-01   1.2023871882798955E+00   8.0889365974430916E-01   3.1816152651778667E-01
         2        105   2.3635081677292510E-01   1.2023871882798955E+00   8.0889365974430916E-01   3.1816152651778667E-01
         2        106   2.4496432959245587E-01   1.2353941138614664E+00   7.7900917646045786E-01   2.9343573594756606E-01
         2        107   2.4496432959245587E-01   1.2353941138614664E+00   7.7900917646045786E-01   2.9343573594756606E-01
         2        108   1.1924512707475202E-02   1.9383357809121238E-01   1.0357668301192811E-01   5.6419770566131511E-02
         2        109   9.0127415852871706E-02   4.3725469046220045E-01   2.2131709754239698E-01   1.1382116182127201E-01
         2        110   9.0127415852871706E-02   4.3725469046220045E-01   2.2131709754239698E-01   1.1382116182127201E-01
         2        111   1.2417480514110773E-02   2.5187967411746337E-01   9.7270039711402329E-02   7.6576876090481152E-02
         2        112   1.2202049307334425E-01   7.4700626145649007E-01   3.3735159429763251E-01   1.3318102020706099E-01
         2        113   8.3022370702079429E-01   2.2010431427649708E+00   1.4861367910944059E+00   2.4653931467896389E-01
         2        114   8.3022370702079429E-01   2.2010431427649708E+00   1.4861367910944059E+00   2.4653931467896389E-01
         2        115   9.8352906602574577E-02   7.4905096621414180E-01   4.0777160716045374E-01   1.7332400057026490E-01
         2        116   9.8352906602574577E-02   7.4905096621414180E-01   4.0777160716045374E-01   1.7332400057026490E-01
         2        117   1.6019024870518475E-01   6.2289617816626919E-01   3.5487488556585073E-01   1.0501741934537188E-01
         2        118   1.6019024870518475E-01   6.2289617816626919E-01   3.5487488556585073E-01   1.0501741934537188E-01
         2        119   9.3944181908433544E-01   1.6531315013393286E+00   1.3150090403033090E+00   1.3644297168270905E-01
         2        120   2.6707673159285095E-01   1.2398409906012320E+00   8.6500714362579001E-01   3.4223265493262583E-01
         2        121   2.6707673159285095E-01   1.2398409906012320E+00   8.6500714362579001E-01   3.4223265493262583E-01
         2        122   2.4913255476950660E-01   1.2814178885225742E+00   7.8957552230423134E-01   3.1435373202642958E-01
         2        123   2.4913255476950660E-01   1.2814178885225742E+00   7.8957552230423134E-01   3.1435373202642958E-01
         2        124   1.0206019316073244E-02   1.4891759461686604E-01   8.8358770286742536E-02   4.9079598406689323E-02
         2        125   9.4453423308317810E-02   2.4085787912651963E-01   1.6632978689693823E-01   3.1552491125420704E-02
         2        126   9.4453423308317810E-02   2.4085787912651963E-01   1.6632978689693823E-01   3.1552491125420704E-02
         2        127   7.9418107398144203E-03   1.4395183820456423E-01   7.9551048757240631E-02   4.5283100605545322E-02
         2        128   9.3325520898119435E-02   5.5833012989022568E-01   2.4307057445225436E-01   8.7654619649105911E-02
         2        129   5.7635218574510305E-01   1.5845766793378790E+00   1.0501228732679091E+00   2.0515473001207335E-01
         2        130   5.7635218574510305E-01   1.5845766793378790E+00   1.0501228732679091E+00   2.0515473001207335E-01
         2        131   8.1398892504373987E-02   6.6190061092317565E-01   3.2111133401180725E-01   1.7334829058342904E-01
         2        132   8.1398892504373987E-02   6.6190061092317565E-01   3.2111133401180725E-01   1.7334829058342904E-01
         2        133   1.1148763001879666E-01   5.2884824430440425E-01   2.7877019617653676E-01   1.0419019696801431E-01
         2        134   1.1148763001879666E-01   5.2884824430440425E-01   2.7877019617653676E-01   1.0419019696801431E-01
         2        135   6.8693552338368391E-01   1.2499079016874173E+00   9.7678263877089522E-01   1.0900197195984100E-01
         2        136   1.5156922340765358E-01   8.1239572498164325E-01   5.3843124689323163E-01   2.1332796852691988E-01
         2        137   1.5156922340765358E-01   8.1239572498164325E-01   5.3843124689323163E-01   2.1332796852691988E-01
         2        138   1.5927188162053307E-01   8.5478841350393453E-01   5.2704339276097367E-01   2.0050758572445998E-01
         2        139   1.5927188162053307E-01   8.5478841350393453E-01   5.2704339276097367E-01   2.0050758572445998E-01
         2        140   8.6749273943181066E-03   1.3711222499797995E-01   6.8600042035691408E-02   3.5782502600450808E-02
         2        141   4.9318906033378712E-02   3.3110831149829562E-01   1.5114123084287903E-01   9.3195568541897478E-02
         2        142   4.9318906033378712E-02   3.3110831149829562E-01   1.5114123084287903E-01   9.3195568541897478E-02
         2        143   9.8394605999020165E-03   2.1838770825496109E-01   6.9864720381948783E-02   6.4268581995145513E-02
         2        144   7.3118615913742288E-02   4.6118354761022451E-01   2.1042526978262924E-01   8.3412640965327134E-02
         2        145   5.3966750103115457E-01   1.4464095680803342E+00   9.7234035664392826E-01   1.5879854686563930E-01
         2        146   5.3966750103115457E-01   1.4464095680803342E+00   9.7234035664392826E-01   1.5879854686563930E-01
         2        147   6.6183826845746335E-02   4.7912832182471343E-01   2.5827976198153668E-01   1.0305230108752814E-01
         2        148   6.6183826845746335E-02   4.7912832182471343E-01   2.5827976198153668E-01   1.0305230108752814E-01
         2        149   9.3930673421925293E-02   3.7223894026313276E-01   2.1804509301950481E-01   5.3652236360790029E-02
         2        150   9.3930673421925293E-02   3.7223894026313276E-01   2.1804509301950481E-01   5.3652236360790029E-02
         2        151   5.9601482600371802E-01   1.0323445951249208E+00   8.2873391780353911E-01   8.3139055812951113E-02
         2        152   1.7911208371246168E-01   8.5701826447275375E-01   5.9454473077471204E-01   2.3735716443539451E-01
         2        153   1.7911208371246168E-01   8.5701826447275375E-01   5.9454473077471204E-01   2.3735716443539451E-01
         2        154   1.6768008150028629E-01   8.9555233267961820E-01   5.3760973860474748E-01   2.2226536769221267E-01
         2        155   1.6768008150028629E-01   8.9555233267961820E-01   5.3760973860474748E-01   2.2226536769221267E-01
         2        156   7.5488649232382824E-03   8.8724189871110457E-02   5.3382129310505781E-02   2.8255250101227900E-02
         2        157   5.5086323184231636E-02   1.4179456638094501E-01   9.6153920197420459E-02   1.6068792180426353E-02
         2        158   5.5086323184231636E-02   1.4179456638094501E-01   9.6153920197420459E-02   1.6068792180426353E-02
         2        159   5.9313319486043962E-03   9.0360351348661716E-02   5.2145729427787092E-02   2.9078983140346435E-02
         2        160   8.9190483950381070E-03   2.1892781043277335E-01   6.1623797470656272E-02   3.9135274052299461E-02
         2        161   7.8246286652508698E-02   4.7779137833823770E-01   2.5594563505239504E-01   9.7165016919468369E-02
         2        162   7.8246286652508698E-02   4.7779137833823770E-01   2.5594563505239504E-01   9.7165016919468369E-02
         2        163   4.2086979084771910E-03   3.0989595456301178E-01   1.2117021449368545E-01   1.0108513473745120E-01
         2        164   4.2086979084771910E-03   3.0989595456301178E-01   1.2117021449368545E-01   1.0108513473745120E-01
         2        165   1.1920363111690684E-02   2.2787710535335232E-01   7.6023558073449418E-02   5.3016082566001245E-02
         2        166   1.1920363111690684E-02   2.2787710535335232E-01   7.6023558073449418E-02   5.3016082566001245E-02
         2        167   1.1533710232778051E-01   3.0142561341703117E-01   1.9123432365853080E-01   3.7841020885778578E-02
         2        168   1.0525957851913480E-02   2.6301299779455234E-01   1.4062684484417273E-01   8.5375119510651520E-02
         2        169   1.0525957851913480E-02   2.6301299779455234E-01   1.4062684484417273E-01   8.5375119510651520E-02
         2        170   1.0831623318404291E-02   2.7363441773709885E-01   1.3479985775294265E-01   8.6765648042770455E-02
         2        171   1.0831623318404291E-02   2.7363441773709885E-01   1.3479985775294265E-01   8.6765648042770455E-02
         2        172   5.8110520821003974E-03   1.4097813777656654E-01   4.3527610907015006E-02   4.5212063917025251E-02
         2        173   5.8110520821003974E-03   1.4097813777656654E-01   4.3527610907015006E-02   4.5212063917025251E-02
         2        174   2.1306464993145762E-04   9.4770066121995719E-02   2.6958760306181960E-02   3.1921662764644740E-02
         2        175   7.3948491626788775E-03   2.0740685896822883E-01   5.6288912215684085E-02   4.1118349698788796E-02
         2        176   7.4022845667623904E-02   4.1160521402891553E-01   2.1997490918827667E-01   6.8436776725858059E-02
         2        177   7.4022845667623904E-02   4.1160521402891553E-01   2.1997490918827667E-01   6.8436776725858059E-02
         2        178   3.6207731407640227E-03   2.0159751959762373E-01   7.7998095318210475E-02   5.2467231367403527E-02
         2        179   3.6207731407640227E-03   2.0159751959762373E-01   7.7998095318210475E-02   5.2467231367403527E-02
         2        180   9.7874124335493723E-03   1.5588431525282492E-01   6.0454348709569651E-02   3.5167493820275564E-02
         2        181   9.7874124335493723E-03   1.5588431525282492E-01   6.0454348709569651E-02   3.5167493820275564E-02
         2        182   1.0130149568403610E-01   2.5438600418106028E-01   1.6579371670343296E-01   3.0897477797395104E-02
         2        183   1.1175420756336841E-02   2.7226326415671004E-01   1.6310977047876371E-01   9.7744960747596116E-02
         2        184   1.1175420756336841E-02   2.7226326415671004E-01   1.6310977047876371E-01   9.7744960747596116E-02
         2        185   1.2653820147203877E-02   2.8437832048289513E-01   1.3956671580001390E-01   9.4736172735890231E-02
         2        186   1.2653820147203877E-02   2.8437832048289513E-01   1.3956671580001390E-01   9.4736172735890231E-02
         2        187   5.6884531121579179E-03   1.4131110017197057E-01   3.9934925054451356E-02   2.4481508583851220E-02
         2        188   5.1086884376275413E-02   3.3366460845426710E-01   1.7556877832670301E-01   7.0690127710918718E-02
         2        189   5.1086884376275413E-02   3.3366460845426710E-01   1.7556877832670301E-01   7.0690127710918718E-02
         2        190   2.9628519971145136E-03   2.2482957381791982E-01   8.6616724972471582E-02   7.5026378912803934E-02
         2        191   2.9628519971145136E-03   2.2482957381791982E-01   8.6616724972471582E-02   7.5026378912803934E-02
         2        192   7.3712249312753624E-03   1.5826931826838214E-01   5.0600234159532020E-02   3.5278151430753246E-02
         2        193   7.3712249312753624E-03   1.5826931826838214E-01   5.0600234159532020E-02   3.5278151430753246E-02
         2        194   7.7215743420955246E-02   2.0198123174860538E-01   1.2768881228337878E-01   2.5520696827515149E-02
         2        195   6.8289895491109578E-03   1.7879580628383282E-01   9.2684741374156998E-02   5.6995892177422305E-02
         2        196   6.8289895491109578E-03   1.7879580628383282E-01   9.2684741374156998E-02   5.6995892177422305E-02
         2        197   6.7510907128163281E-03   1.9852918468143535E-01   9.3875300222643968E-02   6.1164234980640275E-02
         2        198   6.7510907128163281E-03   1.9852918468143535E-01   9.3875300222643968E-02   6.1164234980640275E-02
         2        199   3.0357641238867657E-03   1.1122406507864338E-01   3.1548849792002551E-02   3.5778150925825543E-02
         2        200   3.0357641238867657E-03   1.1122406507864338E-01   3.1548849792002551E-02   3.5778150925825543E-02
         2        201   1.6173004954162705E-04   9.0803221215283864E-02   2.1122209946628712E-02   2.7529285102526085E-02
         2        202   3.8008406138617325E-03   1.3022190917469142E-01   3.4600039799479149E-02   2.5936029292680737E-02
         2        203   4.6863443391390730E-02   2.6299821729814937E-01   1.3959805246258453E-01   4.2066440411726205E-02
         2        204   4.6863443391390730E-02   2.6299821729814937E-01   1.3959805246258453E-01   4.2066440411726205E-02
         2        205   2.3749272294013466E-03   1.1338146262681649E-01   4.3444605796996619E-02   2.6934215152588155E-02
         2        206   2.3749272294013466E-03   1.1338146262681649E-01   4.3444605796996619E-02   2.6934215152588155E-02
         2        207   5.8498126438938378E-03   8.7949101766291879E-02   3.5031024795652226E-02   1.7274356732154893E-02
         2        208   5.8498126438938378E-03   8.7949101766291879E-02   3.5031024795652226E-02   1.7274356732154893E-02
         2        209   6.3180136777210794E-02   1.5494162251263527E-01   1.0224820532828094E-01   1.8474343791065335E-02
         2        210   7.4784524535343013E-03   1.9328636468113264E-01   1.1516766700874802E-01   6.9384829329975597E-02
         2        211   7.4784524535343013E-03   1.9328636468113264E-01   1.1516766700874802E-01   6.9384829329975597E-02
         2        212   8.3857419861774422E-03   2.0757853286860073E-01   9.8642158269715161E-02   6.9420996556786393E-02
         2        213   8.3857419861774422E-03   2.0757853286860073E-01   9.8642158269715161E-02   6.9420996556786393E-02
         3          1   1.6500641515066619E-01   3.2157875557795984E-01   2.1167227347027456E-01   1.4090238668001152E-02
         3          2   1.1697826966547062E-01   2.5248125656502951E-01   1.5531442986777405E-01   1.1445234626879344E-02
         3          3   7.9692851790586816E-01   1.1300312827284771E+00   9.1624550897131629E-01   3.4646693313938312E-02
         3          4   2.0166988778295329E+00   2.2669430991457133E+00   2.1662573183836873E+00   2.7277496096094724E-02
         3          5   2.1286251095684941E-01   3.3050952900813729E-01   2.8485465005977778E-01   1.2934598609774989E-02
         3          6   5.7825126631462898E-01   8.4981216013377925E-01   6.7270592145768204E-01   2.8726163916785886E-02
         3          7   1.5314838191240820E+00   1.7450171419658602E+00   1.6672542107727599E+00   2.2980919836471585E-02
         3          8   3.0889927483256047E-01   4.8104435517663757E-01   3.6661984476806952E-01   1.9169198881522482E-02
         3          9   9.5164834580804714E-01   1.1121895222225426E+00   1.0623910996419947E+00   1.8328704804148103E-02
         3         10   1.2977824821161021E-01   2.5648473702315011E-01   1.6502590516913163E-01   1.1215591490065511E-02
         3         11   2.9312747494872315E-01   5.8596049921842375E-01   3.8184441909547961E-01   3.0454679590253133E-02
         3         12   1.7546595210742013E+00   2.4821479250827556E+00   2.0120542883291588E+00   7.1694994930576114E-02
         3         13   1.7546595210742013E+00   2.4821479250827556E+00   2.0120542883291588E+00   7.1694994930576114E-02
         3         14   2.7912273808107602E-01   4.1713607112882123E-01   3.2737654757616280E-01   1.5129577880741254E-02
         3         15   2.7912273808107602E-01   4.1713607112882123E-01   3.2737654757616280E-01   1.5129577880741254E-02
         3         16   2.4086308283919530E-01   3.7629724424872318E-01   3.0876575251289889E-01   1.2726581097643679E-02
         3         17   2.4086308283919530E-01   3.7629724424872318E-01   3.0876575251289889E-01   1.2726581097643679E-02
         3         18   2.0278689359540119E+00   2.5681524742674657E+00   2.3410967042431667E+00   5.9355816701307011E-02
         3         19   6.5373062671851923E-01   8.6042724936284853E-01   7.7393314820499914E-01   1.8149764690401589E-02
         3         20   6.5373062671851923E-01   8.6042724936284853E-01   7.7393314820499914E-01   1.8149764690401589E-02
         3         21   4.1646610825566854E-01   7.2702741132056914E-01   5.9957705734162747E-01   3.5150885034989358E-02
         3         22   4.1646610825566854E-01   7.2702741132056914E-01   5.9957705734162747E-01   3.5150885034989358E-02
         3         23   2.5490077647705961E-01   5.5888240202772899E-01   3.5496884410016327E-01   3.0187150967858716E-02
         3         24   1.7184879857299222E+00   2.4158365606071106E+00   1.9570450513063140E+00   7.1683075335570348E-02
         3         25   1.7184879857299222E+00   2.4158365606071106E+00   1.9570450513063140E+00   7.1683075335570348E-02
         3         26   2.7868009151210915E-01   4.1414333862906411E-01   3.2745637457307564E-01   1.4857683923376953E-02
         3         27   2.7868009151210915E-01   4.1414333862906411E-01   3.2745637457307564E-01   1.4857683923376953E-02
         3         28   1.6623311814547370E-01   2.6954635508956903E-01   2.1277639591035313E-01   1.1329231515172336E-02
         3         29   1.6623311814547370E-01   2.6954635508956903E-01   2.1277639591035313E-01   1.1329231515172336E-02
         3         30   1.7512448403444474E+00   2.2338592247214919E+00   2.0301730060369434E+00   5.3326912950549546E-02
         3         31   6.5855692609736483E-01   8.6055269899325448E-01   7.7409614478183009E-01   1.8026123305989041E-02
         3         32   6.5855692609736483E-01   8.6055269899325448E-01   7.7409614478183009E-01   1.8026123305989041E-02
         3         33   4.4446576286240347E-01   7.5070985170497906E-01   6.3510511515566204E-01   3.3550976460099718E-02
         3         34   4.4446576286240347E-01   7.5070985170497906E-01   6.3510511515566204E-01   3.3550976460099718E-02
         3         35   1.8753257363774747E-01   3.7635435337724715E-01   2.4544441807943959E-01   2.0114727174098665E-02
         3         36   1.1733349884528024E+00   1.6651604484852935E+00   1.3478240924805098E+00   4.8723427053586642E-02
         3         37   1.1733349884528024E+00   1.6651604484852935E+00   1.3478240924805098E+00   4.8723427053586642E-02
         3         38   1.6811160230383854E-01   2.7051810714277402E-01   2.2132175941144683E-01   1.0119503214510252E-02
         3         39   1.6811160230383854E-01   2.7051810714277402E-01   2.2132175941144683E-01   1.0119503214510252E-02
         3         40   1.3530775200240899E+00   1.7124026461874782E+00   1.5612710840336070E+00   3.9533215967220529E-02
         3         41   4.4319706158406652E-01   5.8066408792120106E-01   5.2233032620698805E-01   1.1967030702771343E-02
         3         42   4.4319706158406652E-01   5.8066408792120106E-01   5.2233032620698805E-01   1.1967030702771343E-02
         3         43   2.6727636850543041E-01   4.7640365768118720E-01   3.8981708079936195E-01   2.4146397089034103E-02
         3         44   2.6727636850543041E-01   4.7640365768118720E-01   3.8981708079936195E-01   2.4146397089034103E-02
         3         45   1.5173782589607165E-01   3.5356897955634875E-01   2.1856884308412322E-01   1.9918968975852956E-02
         3         46   1.1337980069422056E+00   1.5988490840096485E+00   1.2928148554576651E+00   4.8760698856464404E-02
         3         47   1.1337980069422056E+00   1.5988490840096485E+00   1.2928148554576651E+00   4.8760698856464404E-02
         3         48   1.0753286418162626E+00   1.3781093966415106E+00   1.2503473858273833E+00   3.3564897196478267E-02
         3         49   4.4802336096291229E-01   5.7897575464093365E-01   5.2249332278381877E-01   1.1830908338614896E-02
         3         50   4.4802336096291229E-01   5.7897575464093365E-01   5.2249332278381877E-01   1.1830908338614896E-02
         3         51   2.9527602311216528E-01   5.0038113081765689E-01   4.2534513861339651E-01   2.2459658753754254E-02
         3         52   2.9527602311216528E-01   5.0038113081765689E-01   4.2534513861339651E-01   2.2459658753754254E-02
         3         53   3.2713411276388965E-01   5.1393975133851399E-01   3.9312957826275707E-01   1.8166624355161833E-02
         3         54   3.2713411276388965E-01   5.1393975133851399E-01   3.9312957826275707E-01   1.8166624355161833E-02
         3         55   4.5175704351936163E-01   6.1823296920439663E-01   5.6377593847624885E-01   1.9225153130854745E-02
         3         56   3.1828673839107452E-01   5.0217875772101706E-01   3.8553653212083183E-01   1.8112217048541466E-02
         3         57   3.1828673839107452E-01   5.0217875772101706E-01   3.8553653212083183E-01   1.8112217048541466E-02
         3         58   3.3628147341504772E-01   4.7217666976052253E-01   4.2716230454292942E-01   1.5063859379001494E-02
         3         59   2.1972315734093964E-01   3.4349812394203572E-01   2.6233503604349545E-01   1.2320641902960483E-02
         3         60   2.1972315734093964E-01   3.4349812394203572E-01   2.6233503604349545E-01   1.2320641902960483E-02
         3         61   2.1087578296812487E-01   3.3198298500353107E-01   2.5474198990157021E-01   1.2276375003401395E-02
         3         62   2.1087578296812487E-01   3.3198298500353107E-01   2.5474198990157021E-01   1.2276375003401395E-02
         4          1   1.9811562733076823E-02   1.7826119902447024E-01   8.7653573392558776E-02   1.7199297328937952E-02
         4          2   6.3183234291837542E-01   7.3747567651499890E-01   6.8895899887769008E-01   1.1652791652011923E-02
         4          3   1.1944690381076059E-02   1.2411857208524787E-01   5.7181872970910493E-02   1.2378454215108128E-02
         4          4   5.4150721414931757E-01   6.3881323790805233E-01   5.9437381341532713E-01   1.0935205268361356E-02
         4          5   4.0915212212491220E-01   4.9829173064339122E-01   4.5579827570593079E-01   1.0115860776599329E-02
         4          6   4.7826095973772564E-01   9.0560853980321543E-01   7.1602817556216958E-01   4.5078703933047998E-02
         4          7   1.9345037141901023E+00   2.1804617005710778E+00   2.0654342813517976E+00   2.7738649133734108E-02
         4          8   2.1530770445507147E-01   3.2757419508946350E-01   2.8485465005977784E-01   1.2591511335406848E-02
         4          9   2.9229156825879504E-01   6.4837021925813620E-01   4.8672231053044923E-01   3.7467128203464789E-02
         4         10   1.4845406100407998E+00   1.6726911896780339E+00   1.5794554545131980E+00   2.1632662590333942E-02
         4         11   1.0548348307372959E-01   3.3857092238241515E-01   2.2079815538707348E-01   2.4236776329791137E-02
         4         12   9.3366973238452089E-01   1.0628162981922886E+00   9.9981300629629133E-01   1.4782700993646147E-02
         4         13   2.5779544522796023E-02   1.3873321628738702E-01   7.4677507102488092E-02   1.2024745062672098E-02
         4         14   5.7131413586669932E-01   6.7408736302420058E-01   6.2611318912542435E-01   1.1581618636439509E-02
         4         15   3.4934396933229933E-01   4.3922572384033653E-01   3.9571453870437406E-01   1.0088115877539579E-02
         4         16   6.7822732725458496E-02   1.8986921609479118E-01   1.2965449846969612E-01   1.2638526991562277E-02
         4         17   6.7822732725458496E-02   1.8986921609479118E-01   1.2965449846969612E-01   1.2638526991562277E-02
         4         18   5.6171066091889280E-02   1.5102021720203465E-01   1.0420066867345874E-01   9.7676187318925280E-03
         4         19   5.6171066091889280E-02   1.5102021720203465E-01   1.0420066867345874E-01   9.7676187318925280E-03
         4         20   1.3338891315599323E-02   1.2161215401215116E-01   6.0609915744140659E-02   1.2245857542500023E-02
         4         21   1.3338891315599323E-02   1.2161215401215116E-01   6.0609915744140659E-02   1.2245857542500023E-02
         4         22   1.2905690845771560E-02   1.2058569629059643E-01   6.0290099782251576E-02   1.2103991090826974E-02
         4         23   1.2905690845771560E-02   1.2058569629059643E-01   6.0290099782251576E-02   1.2103991090826974E-02
         4         24   1.1257495327408656E-01   3.7858331464771044E-01   2.4266912332891849E-01   2.8752800659325700E-02
         4         25   9.4186691835418013E-01   1.9364193636550049E+00   1.5017137552070137E+00   1.0843640385164455E-01
         4         26   9.4186691835418013E-01   1.9364193636550049E+00   1.5017137552070137E+00   1.0843640385164455E-01
         4         27   1.2711778832267381E-01   3.1497085321072638E-01   2.3296975984224810E-01   2.2699440929984382E-02
         4         28   1.2711778832267381E-01   3.1497085321072638E-01   2.3296975984224810E-01   2.2699440929984382E-02
         4         29   1.7060563082352109E-01   3.3505248939781390E-01   2.5590962591383359E-01   1.6162690572701813E-02
         4         30   1.7060563082352109E-01   3.3505248939781390E-01   2.5590962591383359E-01   1.6162690572701813E-02
         4         31   1.8476073269233437E+00   2.3721770379822544E+00   2.1235326470691089E+00   5.8058019600019932E-02
         4         32   4.1033246591533340E-01   6.8307663300859989E-01   5.6466942974196421E-01   3.2572750648059041E-02
         4         33   4.1033246591533340E-01   6.8307663300859989E-01   5.6466942974196421E-01   3.2572750648059041E-02
         4         34   6.4636037357871012E-01   8.2827634976667230E-01   7.3801386145812375E-01   1.8687737234333469E-02
         4         35   6.4636037357871012E-01   8.2827634976667230E-01   7.3801386145812375E-01   1.8687737234333469E-02
         4         36   9.1019727409944670E-02   3.5349521740563372E-01   2.1368371539967551E-01   2.8776098531986396E-02
         4         37   9.3191933905676816E-01   1.8984677403880506E+00   1.4576494330545513E+00   1.0420323993485776E-01
         4         38   9.3191933905676816E-01   1.8984677403880506E+00   1.4576494330545513E+00   1.0420323993485776E-01
         4         39   1.1093667734202760E-01   2.3890863510143936E-01   1.7556852539327783E-01   1.6257929904584970E-02
         4         40   1.1093667734202760E-01   2.3890863510143936E-01   1.7556852539327783E-01   1.6257929904584970E-02
         4         41   1.7055033812866938E-01   3.2944470702242845E-01   2.5577760166302954E-01   1.5919235436983013E-02
         4         42   1.7055033812866938E-01   3.2944470702242845E-01   2.5577760166302954E-01   1.5919235436983013E-02
         4         43   1.6018553817511230E+00   2.0614989561841490E+00   1.8371193773714611E+00   5.2546917554830389E-02
         4         44   4.4826333639530352E-01   7.3062645943754589E-01   6.1253646587795074E-01   3.2313121312204589E-02
         4         45   4.4826333639530352E-01   7.3062645943754589E-01   6.1253646587795074E-01   3.2313121312204589E-02
         4         46   6.4547592033741608E-01   8.2795222044922834E-01   7.3836891773517888E-01   1.8503551873588354E-02
         4         47   6.4547592033741608E-01   8.2795222044922834E-01   7.3836891773517888E-01   1.8503551873588354E-02
         4         48   7.6899958381375158E-02   2.4421501217824804E-01   1.5950934382231896E-01   1.7818602651991280E-02
         4         49   6.2899629781009991E-01   1.2996865948635370E+00   1.0090410165177766E+00   7.3036114569700855E-02
         4         50   6.2899629781009991E-01   1.2996865948635370E+00   1.0090410165177766E+00   7.3036114569700855E-02
         4         51   8.6502488319256582E-02   2.2824238711631364E-01   1.6892950877363175E-01   1.6484807548413093E-02
         4         52   8.6502488319256582E-02   2.2824238711631364E-01   1.6892950877363175E-01   1.6484807548413093E-02
         4         53   1.0876471640893887E-01   2.1700946741077370E-01   1.6417889476268296E-01   1.1283180730795704E-02
         4         54   1.0876471640893887E-01   2.1700946741077370E-01   1.6417889476268296E-01   1.1283180730795704E-02
         4         55   1.2251306946305913E+00   1.5813970805238842E+00   1.4139232375853914E+00   3.9191766608360885E-02
         4         56   2.6792597649461186E-01   4.5824178179981195E-01   3.7153528025714372E-01   2.2763910972057440E-02
         4         57   2.6792597649461186E-01   4.5824178179981195E-01   3.7153528025714372E-01   2.2763910972057440E-02
         4         58   4.2968080386407959E-01   5.4943721256690825E-01   4.9003849080992512E-01   1.2201303797341016E-02
         4         59   4.2968080386407959E-01   5.4943721256690825E-01   4.9003849080992512E-01   1.2201303797341016E-02
         4         60   5.5344732517233229E-02   2.1912691493617109E-01   1.3052393589307601E-01   1.7965793367289221E-02
         4         61   6.1904871851268839E-01   1.2617349715965895E+00   9.6497669436531430E-01   6.8858138042689060E-02
         4         62   6.1904871851268839E-01   1.2617349715965895E+00   9.6497669436531430E-01   6.8858138042689060E-02
         4         63   1.0870942371408705E-01   2.1140168503538848E-01   1.6404687051187888E-01   1.1090781501469174E-02
         4         64   1.0870942371408705E-01   2.1140168503538848E-01   1.6404687051187888E-01   1.1090781501469174E-02
         4         65   9.7937874945836934E-01   1.2707189987257692E+00   1.1275099678877429E+00   3.3673200312744914E-02
         4         66   3.0616386382080502E-01   4.9959130973392724E-01   4.1940231639313019E-01   2.2271438270639505E-02
         4         67   3.0616386382080502E-01   4.9959130973392724E-01   4.1940231639313019E-01   2.2271438270639505E-02
         4         68   4.2879635062278537E-01   5.5002288622398465E-01   4.9039354708698035E-01   1.2043113341552229E-02
         4         69   4.2879635062278537E-01   5.5002288622398465E-01   4.9039354708698035E-01   1.2043113341552229E-02
         4         70   1.0045893901741296E-01   3.4316780175149530E-01   2.2303701382164898E-01   2.6150748557656582E-02
         4         71   1.0045893901741296E-01   3.4316780175149530E-01   2.2303701382164898E-01   2.6150748557656582E-02
         4         72   4.3481635974192057E-01   5.6378608690635934E-01   4.9885676651467148E-01   1.4720541822793915E-02
         4         73   1.0021885736782123E-01   3.3687423212759715E-01   2.1878070730112775E-01   2.5288491536124828E-02
         4         74   1.0021885736782123E-01   3.3687423212759715E-01   2.1878070730112775E-01   2.5288491536124828E-02
         4         75   3.0280134294557970E-01   4.1044335317747516E-01   3.5493602198672003E-01   1.1895794787977653E-02
         4         76   6.6797849281271207E-02   2.2999664486634694E-01   1.4944464026454532E-01   1.7556085710489857E-02
         4         77   6.6797849281271207E-02   2.2999664486634694E-01   1.4944464026454532E-01   1.7556085710489857E-02
         4         78   2.8976535208723536E-01   3.7587876669705222E-01   3.3271842954459635E-01   9.8495108474169514E-03
         4         79   6.6557767631679490E-02   2.2370307524244945E-01   1.4518833374402404E-01   1.6702278540800936E-02
         4         80   6.6557767631679490E-02   2.2370307524244945E-01   1.4518833374402404E-01   1.6702278540800936E-02
