################################################################################
# Symmetry function scaling data.
################################################################################
# Col  Name     Description
################################################################################
# 1    e_index  Element index.
# 2    sf_index Symmetry function index.
# 3    sf_min   Symmetry function minimum.
# 4    sf_max   Symmetry function maximum.
# 5    sf_mean  Symmetry function mean.
# 6    sf_sigma Symmetry function sigma.
#########################################################################################################################
#        1          2                        3                        4                        5                        6
#  e_index   sf_index                   sf_min                   sf_max                  sf_mean                 sf_sigma
#########################################################################################################################
         1          1   1.2041702322137522E-05   5.2805793356361075E-01   1.1420209353564417E-01   6.2680425391765784E-02
         1          2   4.2000812004221005E-01   8.4423282076828787E-01   5.4379386689997300E-01   3.2360393793829434E-02
         1          3   3.5587938287381861E-02   2.1619018185497951E-01   1.0786479555634403E-01   1.2604411366062853E-02
         1          4   0.0000000000000000E+00   1.4852369574564095E-01   4.3282476820156415E-02   2.8123839122014826E-02
         1          5   5.3831554014580694E-06   4.7658955467381725E-01   7.9406376056229272E-02   4.5111285530355059E-02
         1          6   3.4819500678124438E-01   7.4553624258579765E-01   4.4944172146735573E-01   2.6050285031609506E-02
         1          7   0.0000000000000000E+00   1.0609346004278261E-01   2.8244335091392243E-02   1.8535492507321425E-02
         1          8   1.1445812603182011E-06   4.0424355166588666E-01   4.0337431841528798E-02   2.4785857060657515E-02
         1          9   2.6707512847691844E-01   6.0938063701734346E-01   3.3669622912828895E-01   1.8345920843876456E-02
         1         10   1.3101886598990044E-07   3.3367214018388780E-01   1.6313325660793347E-02   1.1506650434957355E-02
         1         11   2.0850436940761682E-01   4.8317918309202906E-01   2.5438713364954146E-01   1.2262805321210345E-02
         1         12   2.7251996498731390E-01   1.0785572583452339E+00   7.0214792159868356E-01   1.8448951127242133E-01
         1         13   1.7408195264760216E+00   2.3566702263756585E+00   2.0181384905434236E+00   9.0763479574968858E-02
         1         14   3.6874307470390488E-01   6.9370849359279962E-01   4.6398990512319688E-01   4.5305948366209665E-02
         1         15   1.7124700364559400E-01   6.4895866438318095E-01   3.5696768513148880E-01   1.2001639211391427E-01
         1         16   1.4253988806863702E-01   8.8847597860311767E-01   4.9055371730186997E-01   1.5600196535435265E-01
         1         17   1.2775009296933180E+00   1.7918457942206827E+00   1.5017048619181861E+00   7.1033268055749249E-02
         1         18   2.6230926637266733E-01   5.4023493985484539E-01   3.4122483522891622E-01   3.6134594538852989E-02
         1         19   9.0418788179273693E-02   4.8633251907233244E-01   2.4223321489455918E-01   9.6968478115576670E-02
         1         20   3.4772026310557543E-02   6.5873004711221184E-01   2.4010169333630260E-01   9.8609929134751931E-02
         1         21   7.2954227338645983E-01   1.1727958763404980E+00   8.7685052042114142E-01   4.3336337147042034E-02
         1         22   1.1714532645967696E-01   3.2747545194749617E-01   1.8643354746229049E-01   2.1254104779633083E-02
         1         23   2.1496549132096185E-02   2.6502171597206353E-01   1.0956420660780422E-01   5.4791136791202573E-02
         1         24   4.6070901559791665E-03   4.9332909245834466E-01   9.3118736880360778E-02   4.6801341593806695E-02
         1         25   3.9954488341012778E-01   7.9271185613623585E-01   4.9441855201914897E-01   2.4573152580496312E-02
         1         26   2.6466714724410678E-03   1.1530019082099914E-01   3.6966780050813969E-02   2.1456764977506971E-02
         1         27   3.4753116188706033E-04   3.8233633814208218E-01   2.9877117812855406E-02   1.8061784474744855E-02
         1         28   2.5420091906537179E-01   5.6825239474981459E-01   3.1026265519441182E-01   1.4645560471069611E-02
         1         29   1.4139005509178862E-01   3.1913555161688706E-01   1.7823665076494455E-01   7.6309209827646841E-03
         1         30   4.8061000097764277E-03   1.9023157254268341E-01   4.3291873944622500E-02   1.8658736445862655E-02
         1         31   4.8061000097764277E-03   1.9023157254268341E-01   4.3291873944622500E-02   1.8658736445862655E-02
         1         32   3.0752307046199218E-02   3.3373333166715802E-01   1.2743364361251330E-01   4.3681513654029752E-02
         1         33   3.0752307046199218E-02   3.3373333166715802E-01   1.2743364361251330E-01   4.3681513654029752E-02
         1         34   1.0576185040169166E-01   2.1560688214588231E-01   1.4410193416270167E-01   1.6355413491991287E-02
         1         35   1.6089064556028675E-02   1.5792964332462292E-01   6.7528454034050736E-02   3.3547494560917115E-02
         1         36   1.6089064556028675E-02   1.5792964332462292E-01   6.7528454034050736E-02   3.3547494560917115E-02
         1         37   2.7137158955366274E-02   2.5770195732076767E-01   1.0328478617844378E-01   3.4088866406794538E-02
         1         38   2.7137158955366274E-02   2.5770195732076767E-01   1.0328478617844378E-01   3.4088866406794538E-02
         1         39   1.4255749356311610E-02   1.2989914697052524E-01   5.8300675789325761E-02   2.7428620924267816E-02
         1         40   1.4255749356311610E-02   1.2989914697052524E-01   5.8300675789325761E-02   2.7428620924267816E-02
         1         41   5.7735584554764508E-06   4.5203815028398309E-01   6.6362540737376005E-02   3.7922703658747413E-02
         1         42   5.7735584554764508E-06   4.5203815028398309E-01   6.6362540737376005E-02   3.7922703658747413E-02
         1         43   4.3821965638014562E-02   3.5491769602280537E-01   1.2326422493394584E-01   2.1480600624923494E-02
         1         44   0.0000000000000000E+00   9.7482117510850494E-02   2.9045176342764340E-02   1.7916322065274656E-02
         1         45   0.0000000000000000E+00   9.7482117510850494E-02   2.9045176342764340E-02   1.7916322065274656E-02
         1         46   7.7155245524946937E-06   4.3956952727897752E-01   5.6780326674536093E-02   3.1177208705291726E-02
         1         47   7.7155245524946937E-06   4.3956952727897752E-01   5.6780326674536093E-02   3.1177208705291726E-02
         1         48   4.7073981365177389E-02   2.0701348494315180E-01   8.8831877173871407E-02   1.4494259558691483E-02
         1         49   0.0000000000000000E+00   8.8420861807060824E-02   1.8873031753164664E-02   1.4290491266113490E-02
         1         50   0.0000000000000000E+00   8.8420861807060824E-02   1.8873031753164664E-02   1.4290491266113490E-02
         1         51   4.1273020758373051E-06   3.1534409195018454E-01   4.2862964312248487E-02   2.6106272977440018E-02
         1         52   4.1273020758373051E-06   3.1534409195018454E-01   4.2862964312248487E-02   2.6106272977440018E-02
         1         53   2.5310475171823551E-02   2.5310662974183035E-01   8.8514880379078772E-02   1.6792982472180962E-02
         1         54   6.0692681728555505E-06   3.0287546894517881E-01   3.3280750249408561E-02   1.8364082676120202E-02
         1         55   6.0692681728555505E-06   3.0287546894517881E-01   3.3280750249408561E-02   1.8364082676120202E-02
         1         56   2.9294881766550138E-07   2.4655398005410345E-01   1.5852158704933249E-02   1.0618115345589412E-02
         1         57   2.9294881766550138E-07   2.4655398005410345E-01   1.5852158704933249E-02   1.0618115345589412E-02
         1         58   2.2704685637859354E-07   1.7521311297470804E-01   1.0565958586025687E-02   7.9581642311249562E-03
         1         59   2.2704685637859354E-07   1.7521311297470804E-01   1.0565958586025687E-02   7.9581642311249562E-03
         1         60   3.2164368938973793E-02   5.6454247861913054E-01   2.5810446498287792E-01   1.1190356284805536E-01
         1         61   5.6365161344487191E-01   2.4702401751439669E+00   1.4056580104847081E+00   3.4622967413168465E-01
         1         62   5.6365161344487191E-01   2.4702401751439669E+00   1.4056580104847081E+00   3.4622967413168465E-01
         1         63   1.0752207759463098E-01   7.5758034099659899E-01   3.1822328064700828E-01   9.2935002318796048E-02
         1         64   1.0752207759463098E-01   7.5758034099659899E-01   3.1822328064700828E-01   9.2935002318796048E-02
         1         65   1.2853608835739613E-01   4.4274582789641864E-01   2.3723429491680811E-01   3.1802717808303682E-02
         1         66   1.2853608835739613E-01   4.4274582789641864E-01   2.3723429491680811E-01   3.1802717808303682E-02
         1         67   1.4295963131545470E+00   2.7505097022089813E+00   1.9959056859510795E+00   1.8844979436303919E-01
         1         68   5.9784954006035473E-01   1.5662621227839089E+00   8.6291912944346083E-01   1.3253906898845755E-01
         1         69   5.9784954006035473E-01   1.5662621227839089E+00   8.6291912944346083E-01   1.3253906898845755E-01
         1         70   3.3106839593132642E-01   1.4624880000546856E+00   7.7251052357124728E-01   2.8058622055236843E-01
         1         71   3.3106839593132642E-01   1.4624880000546856E+00   7.7251052357124728E-01   2.8058622055236843E-01
         1         72   3.4177019155913146E-02   2.2568809462851055E-01   7.1387165496276078E-02   2.5539733927720389E-02
         1         73   9.7926873881515455E-02   3.8075051852737107E-01   2.1322392812388433E-01   6.2508167505992085E-02
         1         74   9.7926873881515455E-02   3.8075051852737107E-01   2.1322392812388433E-01   6.2508167505992085E-02
         1         75   1.1794292251746337E-02   2.0144655914475468E-01   5.4433700115403411E-02   5.0249120530035087E-02
         1         76   3.0244398356809418E-02   4.4788012353372436E-01   2.0342739602140139E-01   8.2336034710302181E-02
         1         77   5.8364875367316327E-01   2.4332657508813473E+00   1.4029994053061388E+00   3.3877671913478002E-01
         1         78   5.8364875367316327E-01   2.4332657508813473E+00   1.4029994053061388E+00   3.3877671913478002E-01
         1         79   1.1457369566811045E-01   6.5658134986728223E-01   3.3000469252129394E-01   8.3759412344503889E-02
         1         80   1.1457369566811045E-01   6.5658134986728223E-01   3.3000469252129394E-01   8.3759412344503889E-02
         1         81   9.9601770465029951E-02   3.2712556790625663E-01   2.2198211106989410E-01   2.7889106048327162E-02
         1         82   9.9601770465029951E-02   3.2712556790625663E-01   2.2198211106989410E-01   2.7889106048327162E-02
         1         83   1.3739001600031149E+00   2.4767525662365260E+00   1.8196536926776465E+00   1.7315586790043389E-01
         1         84   7.4714308066434942E-01   1.5927094165539823E+00   1.0141595000214241E+00   1.1426717604602661E-01
         1         85   7.4714308066434942E-01   1.5927094165539823E+00   1.0141595000214241E+00   1.1426717604602661E-01
         1         86   2.9027603859706103E-01   1.3798386291108431E+00   6.8581960121447938E-01   2.7580293928497968E-01
         1         87   2.9027603859706103E-01   1.3798386291108431E+00   6.8581960121447938E-01   2.7580293928497968E-01
         1         88   5.0592595311087118E-02   2.4452634558253733E-01   1.1867357972615170E-01   5.8688123063597920E-02
         1         89   5.0592595311087118E-02   2.4452634558253733E-01   1.1867357972615170E-01   5.8688123063597920E-02
         1         90   1.0777189197969881E-02   1.5160000204790089E-01   5.8461383469092069E-02   3.7364438983176686E-02
         1         91   2.0701326411238955E-02   4.2335644502847453E-01   1.8174413063707573E-01   7.8082926085804916E-02
         1         92   3.6377337997609444E-01   1.6792574204557209E+00   9.1602708276554656E-01   2.2641540483692404E-01
         1         93   3.6377337997609444E-01   1.6792574204557209E+00   9.1602708276554656E-01   2.2641540483692404E-01
         1         94   5.9229532247353535E-02   5.2610098659792992E-01   2.0595070080775915E-01   6.5842132796221475E-02
         1         95   5.9229532247353535E-02   5.2610098659792992E-01   2.0595070080775915E-01   6.5842132796221475E-02
         1         96   7.5383553069084730E-02   3.0843357966363455E-01   1.4874143617793378E-01   2.5296891893836271E-02
         1         97   7.5383553069084730E-02   3.0843357966363455E-01   1.4874143617793378E-01   2.5296891893836271E-02
         1         98   9.5118632919176049E-01   1.8387432151147010E+00   1.3432355752288900E+00   1.2273006556500660E-01
         1         99   3.8193021368526853E-01   1.0703463017827382E+00   5.6387832580248864E-01   9.1321880100584951E-02
         1        100   3.8193021368526853E-01   1.0703463017827382E+00   5.6387832580248864E-01   9.1321880100584951E-02
         1        101   2.2226899526418298E-01   9.8674280096075373E-01   5.4200608344244272E-01   1.8519567937196280E-01
         1        102   2.2226899526418298E-01   9.8674280096075373E-01   5.4200608344244272E-01   1.8519567937196280E-01
         1        103   1.4138679916556667E-02   1.6448342245054190E-01   3.8518970622997625E-02   1.8795904118157965E-02
         1        104   6.2177444018734013E-02   2.8278348284369664E-01   1.5926770390795675E-01   4.3309830067465901E-02
         1        105   6.2177444018734013E-02   2.8278348284369664E-01   1.5926770390795675E-01   4.3309830067465901E-02
         1        106   7.6598820488023413E-03   1.4528174133054536E-01   3.5084342265707592E-02   3.4929663324645657E-02
         1        107   2.1021649305979249E-02   2.8481031923729105E-01   1.2706706167559925E-01   4.8502605844394787E-02
         1        108   3.8945346589078733E-01   1.6422829961931080E+00   9.1336847758697726E-01   2.1750830208325869E-01
         1        109   3.8945346589078733E-01   1.6422829961931080E+00   9.1336847758697726E-01   2.1750830208325869E-01
         1        110   7.6832083713396726E-02   4.3468280580554941E-01   2.1773211268204495E-01   5.4455441930628887E-02
         1        111   7.6832083713396726E-02   4.3468280580554941E-01   2.1773211268204495E-01   5.4455441930628887E-02
         1        112   4.8497488354506645E-02   2.1233682287662808E-01   1.3348925233101988E-01   1.9324080891113791E-02
         1        113   4.8497488354506645E-02   2.1233682287662808E-01   1.3348925233101988E-01   1.9324080891113791E-02
         1        114   8.9287339749281380E-01   1.5649860791422556E+00   1.1669835819554564E+00   1.0643927560421751E-01
         1        115   5.3059321396416315E-01   1.0810628168620258E+00   7.1511869638045211E-01   7.2547244206356290E-02
         1        116   5.3059321396416315E-01   1.0810628168620258E+00   7.1511869638045211E-01   7.2547244206356290E-02
         1        117   1.8651936052733867E-01   9.0720598743727132E-01   4.5531516108567477E-01   1.7979783640205510E-01
         1        118   1.8651936052733867E-01   9.0720598743727132E-01   4.5531516108567477E-01   1.7979783640205510E-01
         1        119   2.3394673065065479E-02   1.4642712149317122E-01   6.4717355510224048E-02   3.8283278434375768E-02
         1        120   2.3394673065065479E-02   1.4642712149317122E-01   6.4717355510224048E-02   3.8283278434375768E-02
         1        121   7.7070877588018378E-03   9.3805838574600439E-02   3.9112025619396286E-02   2.1760074842930018E-02
         1        122   5.7403928562993879E-04   2.0179857937095230E-01   3.1611628230984533E-02   1.8134630586019444E-02
         1        123   2.9468211936588651E-02   7.8178473527058046E-01   2.1282552005084551E-01   8.8015486546845156E-02
         1        124   2.9468211936588651E-02   7.8178473527058046E-01   2.1282552005084551E-01   8.8015486546845156E-02
         1        125   5.1766680883536427E-03   2.3152198829152229E-01   4.5350456651151755E-02   2.1097882664520329E-02
         1        126   5.1766680883536427E-03   2.3152198829152229E-01   4.5350456651151755E-02   2.1097882664520329E-02
         1        127   2.0753336948693668E-01   6.8464123709620472E-01   3.5251960881809646E-01   4.1690654509371344E-02
         1        128   7.4983508339117627E-02   3.9592029910039345E-01   1.3277168341212961E-01   2.7262775618931250E-02
         1        129   7.4983508339117627E-02   3.9592029910039345E-01   1.3277168341212961E-01   2.7262775618931250E-02
         1        130   1.8232136828758790E-02   2.7063336642930541E-01   1.1064513092264322E-01   5.4725865919353252E-02
         1        131   1.8232136828758790E-02   2.7063336642930541E-01   1.1064513092264322E-01   5.4725865919353252E-02
         1        132   3.3189078498683314E-02   7.6332703047898776E-01   2.0341354204632653E-01   8.0778759095881461E-02
         1        133   3.3189078498683314E-02   7.6332703047898776E-01   2.0341354204632653E-01   8.0778759095881461E-02
         1        134   2.1393075577778506E-01   4.9615540865913604E-01   3.0019375974383561E-01   3.4241784000106426E-02
         1        135   1.3030482274779243E-01   3.6710436634882343E-01   1.9515039394056363E-01   2.3687451177551992E-02
         1        136   1.3030482274779243E-01   3.6710436634882343E-01   1.9515039394056363E-01   2.3687451177551992E-02
         1        137   1.5691062877063965E-02   2.4579657690292256E-01   8.4593582388954314E-02   5.0323209682359003E-02
         1        138   1.5691062877063965E-02   2.4579657690292256E-01   8.4593582388954314E-02   5.0323209682359003E-02
         1        139   1.9371597585296586E-02   5.3974274522927612E-01   1.3704002946658644E-01   5.8061398001390957E-02
         1        140   1.9371597585296586E-02   5.3974274522927612E-01   1.3704002946658644E-01   5.8061398001390957E-02
         1        141   2.7417817118241092E-03   1.6922728945655199E-01   2.9296219692504705E-02   1.4927089868353637E-02
         1        142   2.7417817118241092E-03   1.6922728945655199E-01   2.9296219692504705E-02   1.4927089868353637E-02
         1        143   1.3119248844184830E-01   4.7475901701939338E-01   2.4274104743515670E-01   2.9070675889827560E-02
         1        144   4.5535104693173546E-02   2.8295952459009022E-01   8.5001575785790429E-02   1.8320063345558645E-02
         1        145   4.5535104693173546E-02   2.8295952459009022E-01   8.5001575785790429E-02   1.8320063345558645E-02
         1        146   1.2091792865658696E-02   1.8167075599398402E-01   8.1280137891070817E-02   3.6421122556236300E-02
         1        147   1.2091792865658696E-02   1.8167075599398402E-01   8.1280137891070817E-02   3.6421122556236300E-02
         1        148   2.3092464147391224E-02   5.2128504043768276E-01   1.2762805146206754E-01   4.9632355948740152E-02
         1        149   2.3092464147391224E-02   5.2128504043768276E-01   1.2762805146206754E-01   4.9632355948740152E-02
         1        150   1.3934908793463929E-01   2.8671926618921162E-01   1.9041519836089574E-01   1.9692534000824262E-02
         1        151   9.5096356486376335E-02   2.5414359183852009E-01   1.4738028631422451E-01   1.4623892811821299E-02
         1        152   9.5096356486376335E-02   2.5414359183852009E-01   1.4738028631422451E-01   1.4623892811821299E-02
         1        153   9.5507189139638921E-03   1.5683396646760150E-01   5.5228589357381813E-02   3.1584531594287237E-02
         1        154   9.5507189139638921E-03   1.5683396646760150E-01   5.5228589357381813E-02   3.1584531594287237E-02
         1        155   7.3799514044604493E-05   2.1442235591874512E-01   1.0867415404288074E-02   7.2907254892841849E-03
         1        156   7.3799514044604493E-05   2.1442235591874512E-01   1.0867415404288074E-02   7.2907254892841849E-03
         2          1   3.1877545984333448E-02   7.6497010009129685E-01   2.4168616306665450E-01   1.2760410870822567E-01
         2          2   2.3219240723325821E-01   4.5137248328458462E-01   3.2616315304950178E-01   4.1277311451142863E-02
         2          3   0.0000000000000000E+00   2.8868921853102214E-01   1.6708611426585401E-01   1.1502516680863649E-01
         2          4   1.3819344699016435E-06   3.5104227330612747E-01   1.5304018837255054E-01   1.3574404250649635E-01
         2          5   1.8658384348686077E-02   7.0302931386149881E-01   1.9975187620771376E-01   1.2058275352086822E-01
         2          6   1.5856586221016536E-01   3.2650506205686747E-01   2.3063896739012330E-01   3.0554305921582377E-02
         2          7   0.0000000000000000E+00   2.4797097322556277E-01   1.4029346484946126E-01   9.7565470885530234E-02
         2          8   6.0989845857508708E-07   3.1389629246741346E-01   1.3193824197144061E-01   1.2071715672265163E-01
         2          9   6.7090745124927268E-03   6.0786974472620448E-01   1.4964276850146169E-01   1.1100998131389030E-01
         2         10   7.5399764220630355E-02   1.8860879516436380E-01   1.1991787440013847E-01   1.7333555777609370E-02
         2         11   0.0000000000000000E+00   1.8637823143726021E-01   1.0090530504190486E-01   7.1037130911027285E-02
         2         12   1.2651061500226181E-07   2.5365191756811256E-01   1.0108168434571828E-01   9.5880032529426562E-02
         2         13   1.6248216970398009E-03   5.0630622148634885E-01   1.1306094828868513E-01   1.0068879206693601E-01
         2         14   0.0000000000000000E+00   1.2584004519027775E-01   6.4055838462756490E-02   4.5513545810630419E-02
         2         15   1.3987904967350300E-08   1.8852595875331338E-01   7.1126189866108844E-02   6.8989862383611641E-02
         2         16   1.9327306439663277E-07   1.8067133202674415E-01   4.5718039144652521E-02   5.0836899036352384E-02
         2         17   5.1702096335548357E-11   8.6823141420234187E-02   2.3657340396585833E-02   2.6655579037134298E-02
         2         18   5.6269727054394292E-01   1.4668048252536412E+00   8.9695044024152160E-01   1.7258174349448566E-01
         2         19   1.4505495496012675E+00   1.9782359932952749E+00   1.7225134958211656E+00   9.2368674713891971E-02
         2         20   1.7088262470847951E-01   6.8861434218076756E-01   4.8265225442370896E-01   1.7913000185345873E-01
         2         21   1.5956253444646834E-01   7.3893701487645469E-01   4.6050181216258262E-01   1.8551262533399593E-01
         2         22   3.6567599579046622E-01   1.2240525218248104E+00   6.6742438307474938E-01   1.6421735920568462E-01
         2         23   1.0041217463298104E+00   1.4348651672911479E+00   1.2244123047566196E+00   8.1537633135979157E-02
         2         24   8.8625109809945465E-02   5.5224840156083144E-01   3.7112887900592539E-01   1.6869214826601178E-01
         2         25   8.6133251159285273E-02   6.0736246722746590E-01   3.5195822626110118E-01   1.7783049952366975E-01
         2         26   1.4607607924070515E-01   9.4559398600697075E-01   3.8971134240939631E-01   1.4484324713905464E-01
         2         27   4.9175477863504269E-01   7.7814673970251991E-01   6.2488020799647881E-01   5.6334563671036175E-02
         2         28   2.1179210635736190E-02   3.8005879918103053E-01   2.3600360347586322E-01   1.3747503285895940E-01
         2         29   2.2056631585145394E-02   4.4342645659096336E-01   2.2247398183247899E-01   1.5406060936723706E-01
         2         30   3.8169482664311978E-02   7.3612493517354682E-01   2.1974157867517732E-01   1.2605760111129052E-01
         2         31   1.8863249690245437E-01   3.4674474964939928E-01   2.5689544027768524E-01   2.9628293758202192E-02
         2         32   2.4935751061651900E-03   2.5163290234880475E-01   1.4319797141853433E-01   9.5570191905058388E-02
         2         33   2.9602672365407609E-03   3.2194966393274249E-01   1.3904311998462340E-01   1.1943044105819577E-01
         2         34   6.8206943843829243E-03   5.7972186006673743E-01   1.3789451341973860E-01   1.1117106717612592E-01
         2         35   1.5044680875023252E-04   1.5673716576552305E-01   8.2239289076933536E-02   5.7674664249788538E-02
         2         36   2.0060596187617113E-04   2.2520844654648464E-01   8.7728145135856250E-02   8.2934682917354410E-02
         2         37   1.0981170955015401E-04   3.5632715164440532E-01   7.9216289228864215E-02   8.3354383265176621E-02
         2         38   2.9351428295617627E-07   9.6326427823631572E-02   3.2745090054830686E-02   3.2160050055892724E-02
         2         39   3.4760816280059192E-08   1.5233825260988915E-01   3.9580989401686209E-02   4.4277930231991933E-02
         2         40   1.3691486061081592E-02   1.3134811014739103E-01   4.9350123180099049E-02   2.1171103370603236E-02
         2         41   1.3691486061081592E-02   1.3134811014739103E-01   4.9350123180099049E-02   2.1171103370603236E-02
         2         42   6.3639743039527283E-02   3.5042811503809174E-01   1.3983582240916043E-01   3.0274853370565850E-02
         2         43   6.3639743039527283E-02   3.5042811503809174E-01   1.3983582240916043E-01   3.0274853370565850E-02
         2         44   1.7125772784656327E-02   1.5965244498144604E-01   1.0260893761315071E-01   5.0911232794949413E-02
         2         45   1.7125772784656327E-02   1.5965244498144604E-01   1.0260893761315071E-01   5.0911232794949413E-02
         2         46   1.6809029416554325E-02   1.6057267863142752E-01   8.8976904452875330E-02   4.7394307084645530E-02
         2         47   1.6809029416554325E-02   1.6057267863142752E-01   8.8976904452875330E-02   4.7394307084645530E-02
         2         48   5.4028802894534808E-02   2.8772924409995315E-01   1.1431920178542934E-01   2.3368907724184786E-02
         2         49   5.4028802894534808E-02   2.8772924409995315E-01   1.1431920178542934E-01   2.3368907724184786E-02
         2         50   1.5498418624687531E-02   1.3300812193924280E-01   8.6227849192082290E-02   4.1633957674898144E-02
         2         51   1.5498418624687531E-02   1.3300812193924280E-01   8.6227849192082290E-02   4.1633957674898144E-02
         2         52   1.5068602595271622E-02   1.3532051819410715E-01   7.5890979018999521E-02   3.9594348111327518E-02
         2         53   1.5068602595271622E-02   1.3532051819410715E-01   7.5890979018999521E-02   3.9594348111327518E-02
         2         54   9.4577833668421461E-03   2.5615141661366758E-01   8.8175468662901962E-02   4.8462979625006362E-02
         2         55   9.4577833668421461E-03   2.5615141661366758E-01   8.8175468662901962E-02   4.8462979625006362E-02
         2         56   0.0000000000000000E+00   1.9610447789626881E-01   6.3451289731529567E-02   6.2450755155784833E-02
         2         57   0.0000000000000000E+00   1.9610447789626881E-01   6.3451289731529567E-02   6.2450755155784833E-02
         2         58   5.5128659357841898E-07   1.2387072875448570E-01   2.7020318299364635E-02   2.7617626930887668E-02
         2         59   5.5128659357841898E-07   1.2387072875448570E-01   2.7020318299364635E-02   2.7617626930887668E-02
         2         60   2.4622678242514035E-02   1.0082735725026669E-01   5.1251052465770747E-02   1.5139272722727049E-02
         2         61   0.0000000000000000E+00   1.1202247405690557E-01   4.9511809676457852E-02   3.6090844536816012E-02
         2         62   0.0000000000000000E+00   1.1202247405690557E-01   4.9511809676457852E-02   3.6090844536816012E-02
         2         63   3.5898196507378444E-07   1.1775196914646562E-01   4.8115301648322915E-02   3.9847277849572267E-02
         2         64   3.5898196507378444E-07   1.1775196914646562E-01   4.8115301648322915E-02   3.9847277849572267E-02
         2         65   0.0000000000000000E+00   8.0004595148435179E-02   1.7102812174219311E-02   2.7455700131741024E-02
         2         66   0.0000000000000000E+00   8.0004595148435179E-02   1.7102812174219311E-02   2.7455700131741024E-02
         2         67   1.8306530422778288E-04   2.3122257413980649E-01   1.7445175142362875E-02   1.7439945870532624E-02
         2         68   8.1094451104690088E-03   3.3592187025825954E-01   6.4259484011529464E-02   2.8061487646186191E-02
         2         69   8.1094451104690088E-03   3.3592187025825954E-01   6.4259484011529464E-02   2.8061487646186191E-02
         2         70   0.0000000000000000E+00   1.1626193394314892E-01   3.0972474326472758E-02   2.6168938747673131E-02
         2         71   0.0000000000000000E+00   1.1626193394314892E-01   3.0972474326472758E-02   2.6168938747673131E-02
         2         72   2.8300395625517512E-07   7.6403149592728828E-02   1.8871927590462346E-02   1.7398435507336441E-02
         2         73   2.8300395625517512E-07   7.6403149592728828E-02   1.8871927590462346E-02   1.7398435507336441E-02
         2         74   0.0000000000000000E+00   1.1902663860481640E-01   6.3761196987631011E-02   4.4292296496310397E-02
         2         75   0.0000000000000000E+00   1.1902663860481640E-01   6.3761196987631011E-02   4.4292296496310397E-02
         2         76   4.1743200789421366E-07   1.2925854795425121E-01   5.1615793332778236E-02   4.4611096670576465E-02
         2         77   4.1743200789421366E-07   1.2925854795425121E-01   5.1615793332778236E-02   4.4611096670576465E-02
         2         78   6.3451682076377490E-03   1.6316185591304308E-01   6.2552642294742986E-02   3.6736259560046169E-02
         2         79   6.3451682076377490E-03   1.6316185591304308E-01   6.2552642294742986E-02   3.6736259560046169E-02
         2         80   0.0000000000000000E+00   1.4710387873077740E-01   4.6848230985672305E-02   4.7486105041097411E-02
         2         81   0.0000000000000000E+00   1.4710387873077740E-01   4.6848230985672305E-02   4.7486105041097411E-02
         2         82   3.7680189416778508E-07   8.8090608182927091E-02   1.7825655890247032E-02   1.8662544398693193E-02
         2         83   3.7680189416778508E-07   8.8090608182927091E-02   1.7825655890247032E-02   1.8662544398693193E-02
         2         84   0.0000000000000000E+00   7.6279322175176550E-02   3.1969905591655634E-02   2.3898363873899941E-02
         2         85   0.0000000000000000E+00   7.6279322175176550E-02   3.1969905591655634E-02   2.3898363873899941E-02
         2         86   1.8698793730508339E-07   8.8508888756339971E-02   3.4580153069321100E-02   2.8860366921464729E-02
         2         87   1.8698793730508339E-07   8.8508888756339971E-02   3.4580153069321100E-02   2.8860366921464729E-02
         2         88   4.9968299512646161E-03   2.5073414493168739E-01   3.8636657643370480E-02   1.6408400234855514E-02
         2         89   4.9968299512646161E-03   2.5073414493168739E-01   3.8636657643370480E-02   1.6408400234855514E-02
         2         90   0.0000000000000000E+00   8.6127047855947672E-02   4.6219292902828765E-02   3.2093256682575733E-02
         2         91   0.0000000000000000E+00   8.6127047855947672E-02   4.6219292902828765E-02   3.2093256682575733E-02
         2         92   2.7652926313489966E-07   9.8090750907151442E-02   3.8080644753776441E-02   3.3739983974422148E-02
         2         93   2.7652926313489966E-07   9.8090750907151442E-02   3.8080644753776441E-02   3.3739983974422148E-02
         2         94   0.0000000000000000E+00   8.5166714367669413E-02   2.8523383469003138E-02   3.0336402686793693E-02
         2         95   0.0000000000000000E+00   8.5166714367669413E-02   2.8523383469003138E-02   3.0336402686793693E-02
         2         96   1.4512671778795935E-01   9.8225632950781838E-01   3.7452006375378655E-01   1.4451722814735102E-01
         2         97   8.6690839173474232E-01   2.7610563299604634E+00   1.5775076822841585E+00   3.0370115526011227E-01
         2         98   8.6690839173474232E-01   2.7610563299604634E+00   1.5775076822841585E+00   3.0370115526011227E-01
         2         99   1.1356797226120217E-01   1.0083781675831411E+00   4.7306170364528094E-01   2.4686230593443217E-01
         2        100   1.1356797226120217E-01   1.0083781675831411E+00   4.7306170364528094E-01   2.4686230593443217E-01
         2        101   1.7489765138569593E-01   7.8625772327193899E-01   4.1963547888357178E-01   1.5390902049102945E-01
         2        102   1.7489765138569593E-01   7.8625772327193899E-01   4.1963547888357178E-01   1.5390902049102945E-01
         2        103   1.0303625164643024E+00   1.9506737853046550E+00   1.4759116600084585E+00   1.6509899248454710E-01
         2        104   2.3635081677292510E-01   1.2576183749069181E+00   8.1506445267050032E-01   3.2104041774377579E-01
         2        105   2.3635081677292510E-01   1.2576183749069181E+00   8.1506445267050032E-01   3.2104041774377579E-01
         2        106   2.4496432959245587E-01   1.2849307509940047E+00   7.8513056145089755E-01   2.9626917365239408E-01
         2        107   2.4496432959245587E-01   1.2849307509940047E+00   7.8513056145089755E-01   2.9626917365239408E-01
         2        108   1.1924512707475202E-02   2.0546807834842726E-01   1.0416502983093941E-01   5.6828600387379427E-02
         2        109   9.0127415852871706E-02   4.5768131737236933E-01   2.2286489282189731E-01   1.1417872686328875E-01
         2        110   9.0127415852871706E-02   4.5768131737236933E-01   2.2286489282189731E-01   1.1417872686328875E-01
         2        111   1.2417480514110773E-02   2.5608271616299977E-01   9.7825083755790687E-02   7.7005600387883483E-02
         2        112   1.2202049307334425E-01   8.8507535718915709E-01   3.4175709065644611E-01   1.3592295487169781E-01
         2        113   8.3022370702079429E-01   2.7407855757394137E+00   1.5025012034334109E+00   2.6252318545286318E-01
         2        114   8.3022370702079429E-01   2.7407855757394137E+00   1.5025012034334109E+00   2.6252318545286318E-01
         2        115   9.8352906602574577E-02   8.6534616419583810E-01   4.1422876822953392E-01   1.7969255975588347E-01
         2        116   9.8352906602574577E-02   8.6534616419583810E-01   4.1422876822953392E-01   1.7969255975588347E-01
         2        117   1.6019024870518475E-01   6.2906800077778802E-01   3.5595670104720850E-01   1.0370413121946513E-01
         2        118   1.6019024870518475E-01   6.2906800077778802E-01   3.5595670104720850E-01   1.0370413121946513E-01
         2        119   9.3944181908433544E-01   1.7586973471580829E+00   1.3265802581409449E+00   1.3962721096556799E-01
         2        120   2.6707673159285095E-01   1.3127043734854262E+00   8.6999909628883387E-01   3.4493013904798264E-01
         2        121   2.6707673159285095E-01   1.3127043734854262E+00   8.6999909628883387E-01   3.4493013904798264E-01
         2        122   2.4913255476950660E-01   1.3321505157915863E+00   7.9537430423219002E-01   3.1723979117816192E-01
         2        123   2.4913255476950660E-01   1.3321505157915863E+00   7.9537430423219002E-01   3.1723979117816192E-01
         2        124   1.0206019316073244E-02   1.6036248800519370E-01   8.9364569910846223E-02   4.9944872009114440E-02
         2        125   9.4453423308317810E-02   2.4415126802488618E-01   1.6685509851018787E-01   3.1597240429506075E-02
         2        126   9.4453423308317810E-02   2.4415126802488618E-01   1.6685509851018787E-01   3.1597240429506075E-02
         2        127   7.9418107398144203E-03   1.6006873900508395E-01   8.0570745734534918E-02   4.6082313118093077E-02
         2        128   9.3325520898119435E-02   6.3332518658569004E-01   2.4625316452759366E-01   9.4409487978979606E-02
         2        129   5.7635218574510305E-01   1.8470587874104329E+00   1.0588433695156985E+00   2.1131974961858030E-01
         2        130   5.7635218574510305E-01   1.8470587874104329E+00   1.0588433695156985E+00   2.1131974961858030E-01
         2        131   8.1398892504373987E-02   7.0487697420071793E-01   3.2183939756915741E-01   1.7523350922783135E-01
         2        132   8.1398892504373987E-02   7.0487697420071793E-01   3.2183939756915741E-01   1.7523350922783135E-01
         2        133   1.1148763001879666E-01   5.4016689806057483E-01   2.8190389334236365E-01   1.0456061620499234E-01
         2        134   1.1148763001879666E-01   5.4016689806057483E-01   2.8190389334236365E-01   1.0456061620499234E-01
         2        135   6.8693552338368391E-01   1.3004431145508248E+00   9.8520898449334093E-01   1.1068385839114181E-01
         2        136   1.5156922340765358E-01   8.4238450587313929E-01   5.4235614866978055E-01   2.1494601452305551E-01
         2        137   1.5156922340765358E-01   8.4238450587313929E-01   5.4235614866978055E-01   2.1494601452305551E-01
         2        138   1.5927188162053307E-01   8.7083605858102375E-01   5.3081757906636207E-01   2.0200650843463205E-01
         2        139   1.5927188162053307E-01   8.7083605858102375E-01   5.3081757906636207E-01   2.0200650843463205E-01
         2        140   8.6749273943181066E-03   1.4328466115023358E-01   6.8845451697264193E-02   3.5929752408762165E-02
         2        141   4.9318906033378712E-02   3.4267008181869268E-01   1.5225583102822210E-01   9.3490103227097790E-02
         2        142   4.9318906033378712E-02   3.4267008181869268E-01   1.5225583102822210E-01   9.3490103227097790E-02
         2        143   9.8394605999020165E-03   2.1838770825496109E-01   7.0011773408477154E-02   6.4246525486860551E-02
         2        144   7.3118615913742288E-02   5.5132781632723382E-01   2.1349019143025294E-01   8.4598665821324942E-02
         2        145   5.3966750103115457E-01   1.8389448679299176E+00   9.8383689066495161E-01   1.7017150576168089E-01
         2        146   5.3966750103115457E-01   1.8389448679299176E+00   9.8383689066495161E-01   1.7017150576168089E-01
         2        147   6.6183826845746335E-02   5.6979722037722047E-01   2.6300646215341011E-01   1.0743078010500116E-01
         2        148   6.6183826845746335E-02   5.6979722037722047E-01   2.6300646215341011E-01   1.0743078010500116E-01
         2        149   9.3930673421925293E-02   3.7223894026313276E-01   2.1822511550600018E-01   5.2923957191725511E-02
         2        150   9.3930673421925293E-02   3.7223894026313276E-01   2.1822511550600018E-01   5.2923957191725511E-02
         2        151   5.9601482600371802E-01   1.1088103995846310E+00   8.3587758262582723E-01   8.5217986103128363E-02
         2        152   1.7911208371246168E-01   8.9936448341523756E-01   5.9729079228811366E-01   2.3882620206117441E-01
         2        153   1.7911208371246168E-01   8.9936448341523756E-01   5.9729079228811366E-01   2.3882620206117441E-01
         2        154   1.6768008150028629E-01   9.1680029640786387E-01   5.4106132184765454E-01   2.2379441661150273E-01
         2        155   1.6768008150028629E-01   9.1680029640786387E-01   5.4106132184765454E-01   2.2379441661150273E-01
         2        156   7.5488649232382824E-03   9.6736521335296130E-02   5.4044991777171002E-02   2.8836788998137495E-02
         2        157   5.5086323184231636E-02   1.4179456638094501E-01   9.6246036716512648E-02   1.6010874508892835E-02
         2        158   5.5086323184231636E-02   1.4179456638094501E-01   9.6246036716512648E-02   1.6010874508892835E-02
         2        159   5.9313319486043962E-03   9.9477290520485012E-02   5.2757435387221427E-02   2.9498855276495442E-02
         2        160   8.9190483950381070E-03   3.2734897986135741E-01   6.3044953882716442E-02   4.2267861132552355E-02
         2        161   7.8246286652508698E-02   6.1208770073051266E-01   2.5785231454888191E-01   9.8527784159261708E-02
         2        162   7.8246286652508698E-02   6.1208770073051266E-01   2.5785231454888191E-01   9.8527784159261708E-02
         2        163   4.2086979084771910E-03   3.3501917851979701E-01   1.2160007418051194E-01   1.0171097630409789E-01
         2        164   4.2086979084771910E-03   3.3501917851979701E-01   1.2160007418051194E-01   1.0171097630409789E-01
         2        165   1.1920363111690684E-02   2.2787710535335232E-01   7.6724191206517925E-02   5.2732348089558283E-02
         2        166   1.1920363111690684E-02   2.2787710535335232E-01   7.6724191206517925E-02   5.2732348089558283E-02
         2        167   1.1533710232778051E-01   3.0142561341703117E-01   1.9245048234089157E-01   3.7481500224533795E-02
         2        168   1.0525957851913480E-02   2.6301299779455234E-01   1.4115367842665663E-01   8.5595000147982200E-02
         2        169   1.0525957851913480E-02   2.6301299779455234E-01   1.4115367842665663E-01   8.5595000147982200E-02
         2        170   1.0831623318404291E-02   2.7363441773709885E-01   1.3534920984488683E-01   8.7032230842657807E-02
         2        171   1.0831623318404291E-02   2.7363441773709885E-01   1.3534920984488683E-01   8.7032230842657807E-02
         2        172   5.8110520821003974E-03   1.4097813777656654E-01   4.3573461127894106E-02   4.5071590935867267E-02
         2        173   5.8110520821003974E-03   1.4097813777656654E-01   4.3573461127894106E-02   4.5071590935867267E-02
         2        174   2.1306464993145762E-04   9.4770066121995719E-02   2.6920326538131943E-02   3.1825526935725761E-02
         2        175   7.3948491626788775E-03   3.5379157388887578E-01   5.7351079099690110E-02   4.2248298705808041E-02
         2        176   7.4022845667623904E-02   6.9297610927989939E-01   2.2315269421667377E-01   7.1923823071720031E-02
         2        177   7.4022845667623904E-02   6.9297610927989939E-01   2.2315269421667377E-01   7.1923823071720031E-02
         2        178   3.6207731407640227E-03   2.2687771741117110E-01   7.9765609728919773E-02   5.4408483276827659E-02
         2        179   3.6207731407640227E-03   2.2687771741117110E-01   7.9765609728919773E-02   5.4408483276827659E-02
         2        180   9.7874124335493723E-03   1.5588431525282492E-01   6.0285240731935551E-02   3.4672994507771733E-02
         2        181   9.7874124335493723E-03   1.5588431525282492E-01   6.0285240731935551E-02   3.4672994507771733E-02
         2        182   1.0130149568403610E-01   2.5438600418106028E-01   1.6682271947800309E-01   3.0681564557653113E-02
         2        183   1.1175420756336841E-02   2.7226326415671004E-01   1.6315077956381704E-01   9.7821846621707065E-02
         2        184   1.1175420756336841E-02   2.7226326415671004E-01   1.6315077956381704E-01   9.7821846621707065E-02
         2        185   1.2653820147203877E-02   2.9463228056104651E-01   1.4015558015163379E-01   9.5123684684411236E-02
         2        186   1.2653820147203877E-02   2.9463228056104651E-01   1.4015558015163379E-01   9.5123684684411236E-02
         2        187   5.6884531121579179E-03   1.9170734716754076E-01   4.0980792187144802E-02   2.6896193517933636E-02
         2        188   5.1086884376275413E-02   4.0656622050700458E-01   1.7657041941515894E-01   7.1193749898262104E-02
         2        189   5.1086884376275413E-02   4.0656622050700458E-01   1.7657041941515894E-01   7.1193749898262104E-02
         2        190   2.9628519971145136E-03   2.4391971954187108E-01   8.6390548038296794E-02   7.5061101438790370E-02
         2        191   2.9628519971145136E-03   2.4391971954187108E-01   8.6390548038296794E-02   7.5061101438790370E-02
         2        192   7.3712249312753624E-03   1.5826931826838214E-01   5.1238612613109753E-02   3.5186274538137399E-02
         2        193   7.3712249312753624E-03   1.5826931826838214E-01   5.1238612613109753E-02   3.5186274538137399E-02
         2        194   7.7215743420955246E-02   2.0198123174860538E-01   1.2846815575191795E-01   2.5250488135029343E-02
         2        195   6.8289895491109578E-03   1.7879580628383282E-01   9.2998589306372698E-02   5.7069619412073974E-02
         2        196   6.8289895491109578E-03   1.7879580628383282E-01   9.2998589306372698E-02   5.7069619412073974E-02
         2        197   6.7510907128163281E-03   1.9852918468143535E-01   9.4080079132741273E-02   6.1168185091290454E-02
         2        198   6.7510907128163281E-03   1.9852918468143535E-01   9.4080079132741273E-02   6.1168185091290454E-02
         2        199   3.0357641238867657E-03   1.1122406507864338E-01   3.1593541161169435E-02   3.5662276488383382E-02
         2        200   3.0357641238867657E-03   1.1122406507864338E-01   3.1593541161169435E-02   3.5662276488383382E-02
         2        201   1.6173004954162705E-04   9.0803221215283864E-02   2.0969448628351341E-02   2.7286045890554864E-02
         2        202   3.8008406138617325E-03   2.2939918893091199E-01   3.5286917404118427E-02   2.6385214230242413E-02
         2        203   4.6863443391390730E-02   4.9474118157507468E-01   1.4187079908295075E-01   4.4647451753283988E-02
         2        204   4.6863443391390730E-02   4.9474118157507468E-01   1.4187079908295075E-01   4.4647451753283988E-02
         2        205   2.3749272294013466E-03   1.3577825843324506E-01   4.4556083586704667E-02   2.8132163523643262E-02
         2        206   2.3749272294013466E-03   1.3577825843324506E-01   4.4556083586704667E-02   2.8132163523643262E-02
         2        207   5.8498126438938378E-03   8.7949101766291879E-02   3.4799662138527393E-02   1.6953935951762221E-02
         2        208   5.8498126438938378E-03   8.7949101766291879E-02   3.4799662138527393E-02   1.6953935951762221E-02
         2        209   6.3180136777210794E-02   1.5494162251263527E-01   1.0284039288902941E-01   1.8353823396952233E-02
         2        210   7.4784524535343013E-03   1.9328636468113264E-01   1.1499569044353301E-01   6.9324794816835358E-02
         2        211   7.4784524535343013E-03   1.9328636468113264E-01   1.1499569044353301E-01   6.9324794816835358E-02
         2        212   8.3857419861774422E-03   2.0938374304474819E-01   9.8886449439488225E-02   6.9535219807826176E-02
         2        213   8.3857419861774422E-03   2.0938374304474819E-01   9.8886449439488225E-02   6.9535219807826176E-02
         3          1   1.6500641515066619E-01   3.2690563900619651E-01   2.1572959111268808E-01   1.8900835501736234E-02
         3          2   1.1697826966547062E-01   2.5301056031229741E-01   1.5847471561720600E-01   1.5123389553644862E-02
         3          3   7.9692851790586816E-01   1.1662860799419512E+00   9.2797981024639375E-01   4.9426313527432784E-02
         3          4   2.0166988778295329E+00   2.3045190151605910E+00   2.1719351449066910E+00   3.1882405001061001E-02
         3          5   2.1286251095684941E-01   3.3050952900813729E-01   2.8450058144985735E-01   1.2711455588937355E-02
         3          6   5.7825126631462898E-01   8.7841849225041313E-01   6.8244967045783245E-01   4.1079402379987334E-02
         3          7   1.5314838191240820E+00   1.7686672687787610E+00   1.6700799555266650E+00   2.4181794308347031E-02
         3          8   3.0889927483256047E-01   5.0892857750963938E-01   3.7286709492458087E-01   2.6998388835762038E-02
         3          9   9.5164834580804714E-01   1.1160292042069528E+00   1.0620162156413848E+00   1.8101770655249778E-02
         3         10   1.2977824821161021E-01   2.5995568730339524E-01   1.6832108678346128E-01   1.5171029650608675E-02
         3         11   2.9312747494872315E-01   6.3439469734711551E-01   3.9253273333772049E-01   4.4434704790778656E-02
         3         12   1.7546595210742013E+00   2.6655034290600619E+00   2.0431504741779909E+00   1.1897148772682724E-01
         3         13   1.7546595210742013E+00   2.6655034290600619E+00   2.0431504741779909E+00   1.1897148772682724E-01
         3         14   2.7912273808107602E-01   4.7323870587393541E-01   3.3431130749847782E-01   2.6005954465106285E-02
         3         15   2.7912273808107602E-01   4.7323870587393541E-01   3.3431130749847782E-01   2.6005954465106285E-02
         3         16   2.4086308283919530E-01   4.0285807773317095E-01   3.1187821170927615E-01   1.6096378917004574E-02
         3         17   2.4086308283919530E-01   4.0285807773317095E-01   3.1187821170927615E-01   1.6096378917004574E-02
         3         18   2.0278689359540119E+00   2.6531576504969765E+00   2.3537116300105567E+00   6.9893132661301038E-02
         3         19   6.5373062671851923E-01   9.4040027765829104E-01   7.8186574054581381E-01   3.0556792722568810E-02
         3         20   6.5373062671851923E-01   9.4040027765829104E-01   7.8186574054581381E-01   3.0556792722568810E-02
         3         21   4.1646610825566854E-01   7.2702741132056914E-01   6.0077978651120700E-01   3.4555721627774864E-02
         3         22   4.1646610825566854E-01   7.2702741132056914E-01   6.0077978651120700E-01   3.4555721627774864E-02
         3         23   2.5490077647705961E-01   6.0005508869220425E-01   3.6530179965022502E-01   4.3459632386304070E-02
         3         24   1.7184879857299222E+00   2.6034579258397534E+00   1.9886508347142575E+00   1.2014265884431087E-01
         3         25   1.7184879857299222E+00   2.6034579258397534E+00   1.9886508347142575E+00   1.2014265884431087E-01
         3         26   2.7868009151210915E-01   4.7571903933628645E-01   3.3440399812644972E-01   2.5855393839842429E-02
         3         27   2.7868009151210915E-01   4.7571903933628645E-01   3.3440399812644972E-01   2.5855393839842429E-02
         3         28   1.6623311814547370E-01   2.9327070292237317E-01   2.1564804764248333E-01   1.4240259959202958E-02
         3         29   1.6623311814547370E-01   2.9327070292237317E-01   2.1564804764248333E-01   1.4240259959202958E-02
         3         30   1.7512448403444474E+00   2.3206894702334209E+00   2.0428070523865012E+00   6.5080823538379282E-02
         3         31   6.5855692609736483E-01   9.4286913504857772E-01   7.8202965352754505E-01   3.0481278192531273E-02
         3         32   6.5855692609736483E-01   9.4286913504857772E-01   7.8202965352754505E-01   3.0481278192531273E-02
         3         33   4.4446576286240347E-01   7.5070985170497906E-01   6.3552819150826823E-01   3.2845989757694809E-02
         3         34   4.4446576286240347E-01   7.5070985170497906E-01   6.3552819150826823E-01   3.2845989757694809E-02
         3         35   1.8753257363774747E-01   4.2535226238037249E-01   2.5232271856444960E-01   2.8966808300138792E-02
         3         36   1.1733349884528024E+00   1.8040177524453744E+00   1.3688911879065033E+00   8.0669784613691661E-02
         3         37   1.1733349884528024E+00   1.8040177524453744E+00   1.3688911879065033E+00   8.0669784613691661E-02
         3         38   1.6811160230383854E-01   2.8970317689459890E-01   2.2299710949263407E-01   1.1522243342599964E-02
         3         39   1.6811160230383854E-01   2.8970317689459890E-01   2.2299710949263407E-01   1.1522243342599964E-02
         3         40   1.3530775200240899E+00   1.7698993665376419E+00   1.5697227444787920E+00   4.6635398963340055E-02
         3         41   4.4319706158406652E-01   6.3486608093100516E-01   5.2766221779894429E-01   2.0409905084071863E-02
         3         42   4.4319706158406652E-01   6.3486608093100516E-01   5.2766221779894429E-01   2.0409905084071863E-02
         3         43   2.6727636850543041E-01   4.7640365768118720E-01   3.9070370924279108E-01   2.3754708854553795E-02
         3         44   2.6727636850543041E-01   4.7640365768118720E-01   3.9070370924279108E-01   2.3754708854553795E-02
         3         45   1.5173782589607165E-01   3.8216242550022256E-01   2.2509178487695419E-01   2.8032570397118452E-02
         3         46   1.1337980069422056E+00   1.7419722492250620E+00   1.3143915484427702E+00   8.1869207388314671E-02
         3         47   1.1337980069422056E+00   1.7419722492250620E+00   1.3143915484427702E+00   8.1869207388314671E-02
         3         48   1.0753286418162626E+00   1.4374311862740781E+00   1.2588181668547356E+00   4.1928964321959278E-02
         3         49   4.4802336096291229E-01   6.3735311513434945E-01   5.2782613078067542E-01   2.0329400467901743E-02
         3         50   4.4802336096291229E-01   6.3735311513434945E-01   5.2782613078067542E-01   2.0329400467901743E-02
         3         51   2.9527602311216528E-01   5.0038113081765689E-01   4.2545211423985241E-01   2.1978927055881215E-02
         3         52   2.9527602311216528E-01   5.0038113081765689E-01   4.2545211423985241E-01   2.1978927055881215E-02
         3         53   3.2713411276388965E-01   5.5938020559679813E-01   3.9959264792626281E-01   2.7103941318741647E-02
         3         54   3.2713411276388965E-01   5.5938020559679813E-01   3.9959264792626281E-01   2.7103941318741647E-02
         3         55   4.5175704351936163E-01   6.2227636220255134E-01   5.6339068980355156E-01   1.9000414791561063E-02
         3         56   3.1828673839107452E-01   5.4926246575465931E-01   3.9206709629448483E-01   2.7219474230499384E-02
         3         57   3.1828673839107452E-01   5.4926246575465931E-01   3.9206709629448483E-01   2.7219474230499384E-02
         3         58   3.3628147341504772E-01   4.7962634277818034E-01   4.2739707733117283E-01   1.4873053070810997E-02
         3         59   2.1972315734093964E-01   3.7608302944870881E-01   2.6674021415443383E-01   1.8417271982697912E-02
         3         60   2.1972315734093964E-01   3.7608302944870881E-01   2.6674021415443383E-01   1.8417271982697912E-02
         3         61   2.1087578296812487E-01   3.6596528960656843E-01   2.5921466252265579E-01   1.8539425609226869E-02
         3         62   2.1087578296812487E-01   3.6596528960656843E-01   2.5921466252265579E-01   1.8539425609226869E-02
         4          1   1.9811562733076823E-02   1.7826119902447024E-01   8.6564953640312803E-02   1.7084717318502897E-02
         4          2   6.3183234291837542E-01   7.3747567651499890E-01   6.8868084767647753E-01   1.1506974887073239E-02
         4          3   1.1944690381076059E-02   1.2411857208524787E-01   5.6488670182784473E-02   1.2254620108203685E-02
         4          4   5.4150721414931757E-01   6.3881323790805233E-01   5.9372208887148270E-01   1.0947675235352703E-02
         4          5   4.0915212212491220E-01   4.9829173064339122E-01   4.5486757955573232E-01   1.0361681795969345E-02
         4          6   4.7826095973772564E-01   9.0560853980321543E-01   7.1393537026297760E-01   4.4187984547267273E-02
         4          7   1.9345037141901023E+00   2.2178325962291443E+00   2.0722581547316214E+00   3.4177968113433529E-02
         4          8   2.1530770445507147E-01   3.2757419508946350E-01   2.8450058144985735E-01   1.2323107392026921E-02
         4          9   2.9229156825879504E-01   6.4837021925813620E-01   4.8446642978911841E-01   3.6976195792148212E-02
         4         10   1.4845406100407998E+00   1.6928193959914297E+00   1.5838120181749553E+00   2.5021703377022655E-02
         4         11   1.0548348307372959E-01   3.3857092238241515E-01   2.1912841321560844E-01   2.4063169552036745E-02
         4         12   9.3366973238452089E-01   1.0641540250153596E+00   1.0011329182461555E+00   1.5082412036131594E-02
         4         13   2.5779544522796023E-02   1.3873321628738702E-01   7.3933560101627951E-02   1.1912180314636239E-02
         4         14   5.7131413586669932E-01   6.7408736302420058E-01   6.2569403993080541E-01   1.1472361789068955E-02
         4         15   3.4934396933229933E-01   4.3922572384033653E-01   3.9477665311135313E-01   1.0344083095798094E-02
         4         16   6.7822732725458496E-02   1.8986921609479118E-01   1.2959883616213053E-01   1.2282459440968235E-02
         4         17   6.7822732725458496E-02   1.8986921609479118E-01   1.2959883616213053E-01   1.2282459440968235E-02
         4         18   5.6171066091889280E-02   1.5102021720203465E-01   1.0436985952080453E-01   9.5184049434183290E-03
         4         19   5.6171066091889280E-02   1.5102021720203465E-01   1.0436985952080453E-01   9.5184049434183290E-03
         4         20   1.3338891315599323E-02   1.2161215401215116E-01   5.9829248988615136E-02   1.2151677597549010E-02
         4         21   1.3338891315599323E-02   1.2161215401215116E-01   5.9829248988615136E-02   1.2151677597549010E-02
         4         22   1.2905690845771560E-02   1.2058569629059643E-01   5.9516868474605834E-02   1.2015967965396479E-02
         4         23   1.2905690845771560E-02   1.2058569629059643E-01   5.9516868474605834E-02   1.2015967965396479E-02
         4         24   1.1257495327408656E-01   3.7891672157916773E-01   2.4153902186081888E-01   2.8124330576811105E-02
         4         25   9.4186691835418013E-01   1.9635247934335205E+00   1.5013562684136639E+00   1.0509886253225063E-01
         4         26   9.4186691835418013E-01   1.9635247934335205E+00   1.5013562684136639E+00   1.0509886253225063E-01
         4         27   1.2711778832267381E-01   3.1497085321072638E-01   2.3151847376660858E-01   2.2319832527290872E-02
         4         28   1.2711778832267381E-01   3.1497085321072638E-01   2.3151847376660858E-01   2.2319832527290872E-02
         4         29   1.7060563082352109E-01   3.4253697862090382E-01   2.5702197041783881E-01   1.6134912889072518E-02
         4         30   1.7060563082352109E-01   3.4253697862090382E-01   2.5702197041783881E-01   1.6134912889072518E-02
         4         31   1.8476073269233437E+00   2.4534921243123162E+00   2.1382190528840939E+00   7.2350280152124052E-02
         4         32   4.1033246591533340E-01   6.8307663300859989E-01   5.6646754281781075E-01   3.2176374298958976E-02
         4         33   4.1033246591533340E-01   6.8307663300859989E-01   5.6646754281781075E-01   3.2176374298958976E-02
         4         34   6.4636037357871012E-01   9.0854718578435034E-01   7.4611893136862995E-01   3.1086518305613983E-02
         4         35   6.4636037357871012E-01   9.0854718578435034E-01   7.4611893136862995E-01   3.1086518305613983E-02
         4         36   9.1019727409944670E-02   3.5349521740563372E-01   2.1224776121074954E-01   2.8210642452923922E-02
         4         37   9.3191933905676816E-01   1.9107949950684460E+00   1.4587216291406699E+00   1.0111948671194219E-01
         4         38   9.3191933905676816E-01   1.9107949950684460E+00   1.4587216291406699E+00   1.0111948671194219E-01
         4         39   1.1093667734202760E-01   2.3890863510143936E-01   1.7527823000336115E-01   1.5771994265679268E-02
         4         40   1.1093667734202760E-01   2.3890863510143936E-01   1.7527823000336115E-01   1.5771994265679268E-02
         4         41   1.7055033812866938E-01   3.3686643333722538E-01   2.5685405148099633E-01   1.5873704101471188E-02
         4         42   1.7055033812866938E-01   3.3686643333722538E-01   2.5685405148099633E-01   1.5873704101471188E-02
         4         43   1.6018553817511230E+00   2.1424957231934725E+00   1.8508384680377210E+00   6.6336873495981774E-02
         4         44   4.4826333639530352E-01   7.3062645943754589E-01   6.1308085893191233E-01   3.1553827124603938E-02
         4         45   4.4826333639530352E-01   7.3062645943754589E-01   6.1308085893191233E-01   3.1553827124603938E-02
         4         46   6.4547592033741608E-01   9.0897274070066647E-01   7.4646143863048919E-01   3.0949215723077954E-02
         4         47   6.4547592033741608E-01   9.0897274070066647E-01   7.4646143863048919E-01   3.0949215723077954E-02
         4         48   7.6899958381375158E-02   2.5124991917277156E-01   1.5929382690738997E-01   1.7379536089924794E-02
         4         49   6.2899629781009991E-01   1.3192493766078996E+00   1.0086807769504769E+00   7.0790626297458095E-02
         4         50   6.2899629781009991E-01   1.3192493766078996E+00   1.0086807769504769E+00   7.0790626297458095E-02
         4         51   8.6502488319256582E-02   2.2824238711631364E-01   1.6807118992012496E-01   1.6126320207296593E-02
         4         52   8.6502488319256582E-02   2.2824238711631364E-01   1.6807118992012496E-01   1.6126320207296593E-02
         4         53   1.0876471640893887E-01   2.1827229009704155E-01   1.6441679377428825E-01   1.0994632856392220E-02
         4         54   1.0876471640893887E-01   2.1827229009704155E-01   1.6441679377428825E-01   1.0994632856392220E-02
         4         55   1.2251306946305913E+00   1.6350885748602053E+00   1.4237742837807010E+00   4.8706891911799256E-02
         4         56   2.6792597649461186E-01   4.5824178179981195E-01   3.7288728343095495E-01   2.2527842259291764E-02
         4         57   2.6792597649461186E-01   4.5824178179981195E-01   3.7288728343095495E-01   2.2527842259291764E-02
         4         58   4.2968080386407959E-01   6.0217077161833010E-01   4.9539612947554296E-01   2.0467906688744385E-02
         4         59   4.2968080386407959E-01   6.0217077161833010E-01   4.9539612947554296E-01   2.0467906688744385E-02
         4         60   5.5344732517233229E-02   2.1912691493617109E-01   1.3000256625732054E-01   1.7506573506246275E-02
         4         61   6.1904871851268839E-01   1.2665195782428240E+00   9.6604613767748293E-01   6.6891229013756909E-02
         4         62   6.1904871851268839E-01   1.2665195782428240E+00   9.6604613767748293E-01   6.6891229013756909E-02
         4         63   1.0870942371408705E-01   2.1260174481336325E-01   1.6424887483744574E-01   1.0788529097000475E-02
         4         64   1.0870942371408705E-01   2.1260174481336325E-01   1.6424887483744574E-01   1.0788529097000475E-02
         4         65   9.7937874945836934E-01   1.3240921737413569E+00   1.1363936989343275E+00   4.2689674298370561E-02
         4         66   3.0616386382080502E-01   4.9959130973392724E-01   4.1950059954505664E-01   2.1722895687842633E-02
         4         67   3.0616386382080502E-01   4.9959130973392724E-01   4.1950059954505664E-01   2.1722895687842633E-02
         4         68   4.2879635062278537E-01   6.0259632653464956E-01   4.9573863673740237E-01   2.0347245778553055E-02
         4         69   4.2879635062278537E-01   6.0259632653464956E-01   4.9573863673740237E-01   2.0347245778553055E-02
         4         70   1.0045893901741296E-01   3.4316780175149530E-01   2.2155937454197155E-01   2.5749823050754104E-02
         4         71   1.0045893901741296E-01   3.4316780175149530E-01   2.2155937454197155E-01   2.5749823050754104E-02
         4         72   4.3481635974192057E-01   5.6608928298367411E-01   5.0022977897385446E-01   1.5085077269468007E-02
         4         73   1.0021885736782123E-01   3.3687423212759715E-01   2.1743156495846516E-01   2.4873854583746736E-02
         4         74   1.0021885736782123E-01   3.3687423212759715E-01   2.1743156495846516E-01   2.4873854583746736E-02
         4         75   3.0280134294557970E-01   4.1402397118455148E-01   3.5654552439638765E-01   1.2703079831644586E-02
         4         76   6.6797849281271207E-02   2.2999664486634694E-01   1.4846636988085390E-01   1.7280314042274078E-02
         4         77   6.6797849281271207E-02   2.2999664486634694E-01   1.4846636988085390E-01   1.7280314042274078E-02
         4         78   2.8976535208723536E-01   3.7765666610527932E-01   3.3363499574219113E-01   1.0091497359222084E-02
         4         79   6.6557767631679490E-02   2.2370307524244945E-01   1.4433856029734748E-01   1.6414383144424914E-02
         4         80   6.6557767631679490E-02   2.2370307524244945E-01   1.4433856029734748E-01   1.6414383144424914E-02
