################################################################################
# Symmetry function scaling data.
################################################################################
# Col  Name     Description
################################################################################
# 1    e_index  Element index.
# 2    sf_index Symmetry function index.
# 3    sf_min   Symmetry function minimum.
# 4    sf_max   Symmetry function maximum.
# 5    sf_mean  Symmetry function mean.
# 6    sf_sigma Symmetry function sigma.
#########################################################################################################################
#        1          2                        3                        4                        5                        6
#  e_index   sf_index                   sf_min                   sf_max                  sf_mean                 sf_sigma
#########################################################################################################################
         1          1   1.2041701545060104E-05   5.2805793356361075E-01   1.1419811096148054E-01   6.2678944308353413E-02
         1          2   4.2000811964875717E-01   8.4423282076828787E-01   5.4378807180560784E-01   3.2355170638240546E-02
         1          3   3.5587938287381861E-02   2.1619018185497951E-01   1.0786293232537610E-01   1.2602190490008002E-02
         1          4   0.0000000000000000E+00   1.4852369603097770E-01   4.3282485465769266E-02   2.8122583263196117E-02
         1          5   5.3831550513809642E-06   4.7658955467381725E-01   7.9402958059697007E-02   4.5109909392488302E-02
         1          6   3.4819500635826589E-01   7.4553624258579765E-01   4.4943745171801125E-01   2.6045782464965781E-02
         1          7   0.0000000000000000E+00   1.0609346031504260E-01   2.8244265112626368E-02   1.8534597575218560E-02
         1          8   1.1445811847941863E-06   4.0424355166588666E-01   4.0335057570961799E-02   2.4784868666637042E-02
         1          9   2.6707512799318600E-01   6.0938063701734346E-01   3.3669403536091624E-01   1.8343307807795060E-02
         1         10   1.3101885717276812E-07   3.3367214018388780E-01   1.6312020844965875E-02   1.1506137278362433E-02
         1         11   2.0850436896816960E-01   4.8317918309202906E-01   2.5438647634356965E-01   1.2262014669574984E-02
         1         12   2.7251996524912242E-01   1.0785572583452339E+00   7.0214121803041762E-01   1.8448991642965479E-01
         1         13   1.7408195252168550E+00   2.3566702263756585E+00   2.0181231022408799E+00   9.0757029788344670E-02
         1         14   3.6874307470390488E-01   6.9370849359279962E-01   4.6398368750183988E-01   4.5298438009706871E-02
         1         15   1.7124700350775957E-01   6.4895866375874856E-01   3.5696630078530772E-01   1.2001463424475482E-01
         1         16   1.4253988733900305E-01   8.8847597860311767E-01   4.9054819643662667E-01   1.5600197680309341E-01
         1         17   1.2775009291559032E+00   1.7918457942206827E+00   1.5016929718189742E+00   7.1027124175335146E-02
         1         18   2.6230926637266733E-01   5.4023493985484539E-01   3.4121984162850988E-01   3.6128503913585651E-02
         1         19   9.0418788058409597E-02   4.8633251855096277E-01   2.4223249589480439E-01   9.6966699445660720E-02
         1         20   3.4772026053211016E-02   6.5873004711221184E-01   2.4009742172943024E-01   9.8609114422021096E-02
         1         21   7.2954227268326066E-01   1.1727958763404980E+00   8.7684305623118530E-01   4.3330630942491379E-02
         1         22   1.1714532645967696E-01   3.2747545194749617E-01   1.8643050394372304E-01   2.1250461763112724E-02
         1         23   2.1496549096303125E-02   2.6502171611135406E-01   1.0956402632702095E-01   5.4789695909764589E-02
         1         24   4.6070901046941564E-03   4.9332909245834466E-01   9.3115672977862607E-02   4.6800228069129785E-02
         1         25   3.9954488294297891E-01   7.9271185613623585E-01   4.9441473731569802E-01   2.4569003137403730E-02
         1         26   2.6466714668246642E-03   1.1530019104093453E-01   3.6966688624216239E-02   2.1455964633906852E-02
         1         27   3.4753115619658322E-04   3.8233633814208218E-01   2.9875400728092243E-02   1.8061071680451922E-02
         1         28   2.5420091850473137E-01   5.6825239474981459E-01   3.1026138638044293E-01   1.4644041425950410E-02
         1         29   1.4139005365500282E-01   3.1913555161688706E-01   1.7823690481542398E-01   7.6305607591468502E-03
         1         30   4.8061000216118987E-03   1.9023157254268341E-01   4.3290748913654170E-02   1.8658395912598314E-02
         1         31   4.8061000216118987E-03   1.9023157254268341E-01   4.3290748913654170E-02   1.8658395912598314E-02
         1         32   3.0752306893355709E-02   3.3373333166715802E-01   1.2743045772740802E-01   4.3680168410115655E-02
         1         33   3.0752306893355709E-02   3.3373333166715802E-01   1.2743045772740802E-01   4.3680168410115655E-02
         1         34   1.0576185040169166E-01   2.1560688214588231E-01   1.4409939453557402E-01   1.6354797216850056E-02
         1         35   1.6089064497905602E-02   1.5792964320633332E-01   6.7527959274211929E-02   3.3546741086647840E-02
         1         36   1.6089064497905602E-02   1.5792964320633332E-01   6.7527959274211929E-02   3.3546741086647840E-02
         1         37   2.7137158825345779E-02   2.5770195732076767E-01   1.0328210890251174E-01   3.4087658989986863E-02
         1         38   2.7137158825345779E-02   2.5770195732076767E-01   1.0328210890251174E-01   3.4087658989986863E-02
         1         39   1.4255749302376270E-02   1.2989914679304776E-01   5.8300355540782341E-02   2.7427960059749085E-02
         1         40   1.4255749302376270E-02   1.2989914679304776E-01   5.8300355540782341E-02   2.7427960059749085E-02
         1         41   5.7735578363208985E-06   4.5203815028398309E-01   6.6359268183167980E-02   3.7921316828186620E-02
         1         42   5.7735578363208985E-06   4.5203815028398309E-01   6.6359268183167980E-02   3.7921316828186620E-02
         1         43   4.3821965214575848E-02   3.5491769602280537E-01   1.2326088204023619E-01   2.1476611114534978E-02
         1         44   0.0000000000000000E+00   9.7482117268148621E-02   2.9045014586841108E-02   1.7915271315896479E-02
         1         45   0.0000000000000000E+00   9.7482117268148621E-02   2.9045014586841108E-02   1.7915271315896479E-02
         1         46   7.7155242998903462E-06   4.3956952727897752E-01   5.6777674207795774E-02   3.1175587479076533E-02
         1         47   7.7155242998903462E-06   4.3956952727897752E-01   5.6777674207795774E-02   3.1175587479076533E-02
         1         48   4.7073981365177389E-02   2.0701348494315180E-01   8.8828728514500577E-02   1.4493176888681856E-02
         1         49   0.0000000000000000E+00   8.8420861322224403E-02   1.8872701439757666E-02   1.4289870415130825E-02
         1         50   0.0000000000000000E+00   8.8420861322224403E-02   1.8872701439757666E-02   1.4289870415130825E-02
         1         51   4.1273015754728745E-06   3.1534409195018454E-01   4.2860489500525643E-02   2.6105154716753076E-02
         1         52   4.1273015754728745E-06   3.1534409195018454E-01   4.2860489500525643E-02   2.6105154716753076E-02
         1         53   2.5310474896524184E-02   2.5310662974183035E-01   8.8513149477052633E-02   1.6790671773050540E-02
         1         54   6.0692680390423214E-06   3.0287546894517881E-01   3.3278895525153417E-02   1.8362793469123621E-02
         1         55   6.0692680390423214E-06   3.0287546894517881E-01   3.3278895525153417E-02   1.8362793469123621E-02
         1         56   2.9294877644270415E-07   2.4655398005410345E-01   1.5851084954296192E-02   1.0617680463680737E-02
         1         57   2.9294877644270415E-07   2.4655398005410345E-01   1.5851084954296192E-02   1.0617680463680737E-02
         1         58   2.2704682078218129E-07   1.7521311297470804E-01   1.0565157405213816E-02   7.9578302495060711E-03
         1         59   2.2704682078218129E-07   1.7521311297470804E-01   1.0565157405213816E-02   7.9578302495060711E-03
         1         60   3.2164368938973793E-02   5.6454247861913054E-01   2.5810096667494159E-01   1.1190266746518995E-01
         1         61   5.6365161265906294E-01   2.4702401751439669E+00   1.4056322814301201E+00   3.4622345434090618E-01
         1         62   5.6365161265906294E-01   2.4702401751439669E+00   1.4056322814301201E+00   3.4622345434090618E-01
         1         63   1.0752207792751275E-01   7.5758034099659899E-01   3.1821536544617657E-01   9.2928362657415248E-02
         1         64   1.0752207792751275E-01   7.5758034099659899E-01   3.1821536544617657E-01   9.2928362657415248E-02
         1         65   1.2853608831013388E-01   4.4274582789641864E-01   2.3723022966088686E-01   3.1795475467898092E-02
         1         66   1.2853608831013388E-01   4.4274582789641864E-01   2.3723022966088686E-01   3.1795475467898092E-02
         1         67   1.4295963100223081E+00   2.7505097022089813E+00   1.9958739023751864E+00   1.8843264913972091E-01
         1         68   5.9784954013682801E-01   1.5662621227839089E+00   8.6289827355727788E-01   1.3251575829793000E-01
         1         69   5.9784954013682801E-01   1.5662621227839089E+00   8.6289827355727788E-01   1.3251575829793000E-01
         1         70   3.3106839625563034E-01   1.4624880000546856E+00   7.7250321425051538E-01   2.8058175832478599E-01
         1         71   3.3106839625563034E-01   1.4624880000546856E+00   7.7250321425051538E-01   2.8058175832478599E-01
         1         72   3.4177018675709062E-02   2.2568809462851055E-01   7.1384017013763013E-02   2.5535089273292986E-02
         1         73   9.7926873597980427E-02   3.8075051852737107E-01   2.1322194225442556E-01   6.2506038370478231E-02
         1         74   9.7926873597980427E-02   3.8075051852737107E-01   2.1322194225442556E-01   6.2506038370478231E-02
         1         75   1.1794292278084408E-02   2.0144655908710768E-01   5.4432822659612051E-02   5.0249034011038536E-02
         1         76   3.0244398416491958E-02   4.4788012353372436E-01   2.0342297735822540E-01   8.2334529781103519E-02
         1         77   5.8364875376844827E-01   2.4332657508813473E+00   1.4029740722040573E+00   3.3876914645028017E-01
         1         78   5.8364875376844827E-01   2.4332657508813473E+00   1.4029740722040573E+00   3.3876914645028017E-01
         1         79   1.1457369502758472E-01   6.5658134986728223E-01   3.2999555758690463E-01   8.3751827674708623E-02
         1         80   1.1457369502758472E-01   6.5658134986728223E-01   3.2999555758690463E-01   8.3751827674708623E-02
         1         81   9.9601770465029951E-02   3.2712556790625663E-01   2.2197995290632311E-01   2.7890898699967043E-02
         1         82   9.9601770465029951E-02   3.2712556790625663E-01   2.2197995290632311E-01   2.7890898699967043E-02
         1         83   1.3739001615140281E+00   2.4767525662365260E+00   1.8196243727144494E+00   1.7314602005171373E-01
         1         84   7.4714308066434942E-01   1.5927094165539823E+00   1.0141394873484000E+00   1.1424842807059638E-01
         1         85   7.4714308066434942E-01   1.5927094165539823E+00   1.0141394873484000E+00   1.1424842807059638E-01
         1         86   2.9027603754796305E-01   1.3798386291108431E+00   6.8581078016944008E-01   2.7579947340762406E-01
         1         87   2.9027603754796305E-01   1.3798386291108431E+00   6.8581078016944008E-01   2.7579947340762406E-01
         1         88   5.0592595404341530E-02   2.4452634558253733E-01   1.1867069116414124E-01   5.8687734465706777E-02
         1         89   5.0592595404341530E-02   2.4452634558253733E-01   1.1867069116414124E-01   5.8687734465706777E-02
         1         90   1.0777189193015232E-02   1.5160000204790089E-01   5.8460885223945373E-02   3.7363683089238847E-02
         1         91   2.0701326411238955E-02   4.2335644502847453E-01   1.8174229566412317E-01   7.8082580241601626E-02
         1         92   3.6377337938735371E-01   1.6792574204557209E+00   9.1600806645962307E-01   2.2640995737639583E-01
         1         93   3.6377337938735371E-01   1.6792574204557209E+00   9.1600806645962307E-01   2.2640995737639583E-01
         1         94   5.9229532247353535E-02   5.2610098659792992E-01   2.0594538954667702E-01   6.5836482909785152E-02
         1         95   5.9229532247353535E-02   5.2610098659792992E-01   2.0594538954667702E-01   6.5836482909785152E-02
         1         96   7.5383553028830735E-02   3.0843357966363455E-01   1.4873835854392420E-01   2.5290224920684827E-02
         1         97   7.5383553028830735E-02   3.0843357966363455E-01   1.4873835854392420E-01   2.5290224920684827E-02
         1         98   9.5118632691942429E-01   1.8387432151147010E+00   1.3432155916089477E+00   1.2271750437297807E-01
         1         99   3.8193021348749290E-01   1.0703463017827382E+00   5.6386461725458947E-01   9.1305810965319464E-02
         1        100   3.8193021348749290E-01   1.0703463017827382E+00   5.6386461725458947E-01   9.1305810965319464E-02
         1        101   2.2226899453582075E-01   9.8674280096075373E-01   5.4200245657162693E-01   1.8519159628869522E-01
         1        102   2.2226899453582075E-01   9.8674280096075373E-01   5.4200245657162693E-01   1.8519159628869522E-01
         1        103   1.4138679667571773E-02   1.6448342245054190E-01   3.8516760163837746E-02   1.8792462900825615E-02
         1        104   6.2177444018734013E-02   2.8278348284369664E-01   1.5926681691186950E-01   4.3307466092383999E-02
         1        105   6.2177444018734013E-02   2.8278348284369664E-01   1.5926681691186950E-01   4.3307466092383999E-02
         1        106   7.6598820386663087E-03   1.4528174139091757E-01   3.5083664843685185E-02   3.4929726287682351E-02
         1        107   2.1021649347632596E-02   2.8481031923729105E-01   1.2706430634740701E-01   4.8501667152459335E-02
         1        108   3.8945346589310420E-01   1.6422829961931080E+00   9.1334985723356066E-01   2.1750163553586421E-01
         1        109   3.8945346589310420E-01   1.6422829961931080E+00   9.1334985723356066E-01   2.1750163553586421E-01
         1        110   7.6832083224762121E-02   4.3468280580554941E-01   2.1772558168740513E-01   5.4449405734552717E-02
         1        111   7.6832083224762121E-02   4.3468280580554941E-01   2.1772558168740513E-01   5.4449405734552717E-02
         1        112   4.8497488354506645E-02   2.1233682097305698E-01   1.3348808178936047E-01   1.9325398690402892E-02
         1        113   4.8497488354506645E-02   2.1233682097305698E-01   1.3348808178936047E-01   1.9325398690402892E-02
         1        114   8.9287339873294991E-01   1.5649860791422556E+00   1.1669660619482094E+00   1.0643380696882516E-01
         1        115   5.3059321396416315E-01   1.0810628168620258E+00   7.1510583104571268E-01   7.2535611388003560E-02
         1        116   5.3059321396416315E-01   1.0810628168620258E+00   7.1510583104571268E-01   7.2535611388003560E-02
         1        117   1.8651935982534676E-01   9.0720598743727132E-01   4.5531002249055119E-01   1.7979495770233678E-01
         1        118   1.8651935982534676E-01   9.0720598743727132E-01   4.5531002249055119E-01   1.7979495770233678E-01
         1        119   2.3394672990754352E-02   1.4642712149317122E-01   6.4715565821585261E-02   3.8283091373010739E-02
         1        120   2.3394672990754352E-02   1.4642712149317122E-01   6.4715565821585261E-02   3.8283091373010739E-02
         1        121   7.7070877594277521E-03   9.3805838574600439E-02   3.9111727408018521E-02   2.1759527343789678E-02
         1        122   5.7403927745265345E-04   2.0179857937095230E-01   3.1610892806772664E-02   1.8134060770832267E-02
         1        123   2.9468211764742458E-02   7.8178473527058046E-01   2.1281939416051454E-01   8.8013464604624753E-02
         1        124   2.9468211764742458E-02   7.8178473527058046E-01   2.1281939416051454E-01   8.8013464604624753E-02
         1        125   5.1766680724631012E-03   2.3152198829152229E-01   4.5348638738360918E-02   2.1096386069589374E-02
         1        126   5.1766680724631012E-03   2.3152198829152229E-01   4.5348638738360918E-02   2.1096386069589374E-02
         1        127   2.0753336840091752E-01   6.8464123709620472E-01   3.5251275590126568E-01   4.1683571334423151E-02
         1        128   7.4983508146209993E-02   3.9592029910039345E-01   1.3276728200968257E-01   2.7256738588665379E-02
         1        129   7.4983508146209993E-02   3.9592029910039345E-01   1.3276728200968257E-01   2.7256738588665379E-02
         1        130   1.8232136788620831E-02   2.7063336626230350E-01   1.1064441053786782E-01   5.4724051396303208E-02
         1        131   1.8232136788620831E-02   2.7063336626230350E-01   1.1064441053786782E-01   5.4724051396303208E-02
         1        132   3.3189078288517387E-02   7.6332703047898776E-01   2.0340808987462627E-01   8.0776416684095700E-02
         1        133   3.3189078288517387E-02   7.6332703047898776E-01   2.0340808987462627E-01   8.0776416684095700E-02
         1        134   2.1393075516290222E-01   4.9615540865913604E-01   3.0018753307396373E-01   3.4239199009327669E-02
         1        135   1.3030482274779243E-01   3.6710436634882343E-01   1.9514619615717857E-01   2.3683270323317681E-02
         1        136   1.3030482274779243E-01   3.6710436634882343E-01   1.9514619615717857E-01   2.3683270323317681E-02
         1        137   1.5691062844117285E-02   2.4579657628068338E-01   8.4592382198894908E-02   5.0321956772534447E-02
         1        138   1.5691062844117285E-02   2.4579657628068338E-01   8.4592382198894908E-02   5.0321956772534447E-02
         1        139   1.9371597480063809E-02   5.3974274522927612E-01   1.3703531102817340E-01   5.8059568845087069E-02
         1        140   1.9371597480063809E-02   5.3974274522927612E-01   1.3703531102817340E-01   5.8059568845087069E-02
         1        141   2.7417817118241092E-03   1.6922728945655199E-01   2.9295022006712693E-02   1.4925785980212217E-02
         1        142   2.7417817118241092E-03   1.6922728945655199E-01   2.9295022006712693E-02   1.4925785980212217E-02
         1        143   1.3119248846591902E-01   4.7475901701939338E-01   2.4273715322434217E-01   2.9065862714513949E-02
         1        144   4.5535104502205569E-02   2.8295952459009022E-01   8.4998812449806171E-02   1.8315887096333475E-02
         1        145   4.5535104502205569E-02   2.8295952459009022E-01   8.4998812449806171E-02   1.8315887096333475E-02
         1        146   1.2091792831161029E-02   1.8167075573640984E-01   8.1279999753633633E-02   3.6419488283911408E-02
         1        147   1.2091792831161029E-02   1.8167075573640984E-01   8.1279999753633633E-02   3.6419488283911408E-02
         1        148   2.3092464003838704E-02   5.2128504043768276E-01   1.2762400674228516E-01   4.9630296241709913E-02
         1        149   2.3092464003838704E-02   5.2128504043768276E-01   1.2762400674228516E-01   4.9630296241709913E-02
         1        150   1.3934908793463929E-01   2.8671926618921162E-01   1.9041193039704016E-01   1.9691469285360197E-02
         1        151   9.5096356486376335E-02   2.5414359183852009E-01   1.4737772659730228E-01   1.4621490231068941E-02
         1        152   9.5096356486376335E-02   2.5414359183852009E-01   1.4737772659730228E-01   1.4621490231068941E-02
         1        153   9.5507188866574815E-03   1.5683396575478936E-01   5.5227971414660695E-02   3.1583529997491290E-02
         1        154   9.5507188866574815E-03   1.5683396575478936E-01   5.5227971414660695E-02   3.1583529997491290E-02
         1        155   7.3799513108911862E-05   2.1442235591874512E-01   1.0866714639441524E-02   7.2904453871307732E-03
         1        156   7.3799513108911862E-05   2.1442235591874512E-01   1.0866714639441524E-02   7.2904453871307732E-03
         2          1   3.1877545984333448E-02   7.6497010009129685E-01   2.4168358746915899E-01   1.2760200976712380E-01
         2          2   2.3219240723325821E-01   4.5137248433954774E-01   3.2616053654294519E-01   4.1277326333480566E-02
         2          3   0.0000000000000000E+00   2.8868921853102214E-01   1.6708573405386298E-01   1.1502502562122097E-01
         2          4   1.3819344569404146E-06   3.5104227489206075E-01   1.5303981797345617E-01   1.3574395720222396E-01
         2          5   1.8658384348686077E-02   7.0302931386149881E-01   1.9974997854133830E-01   1.2058102995790214E-01
         2          6   1.5856586221016536E-01   3.2650506288819980E-01   2.3063718092483393E-01   3.0554369174912100E-02
         2          7   0.0000000000000000E+00   2.4797097322556277E-01   1.4029318734399535E-01   9.7565365169545587E-02
         2          8   6.0989845268452690E-07   3.1389629413581999E-01   1.3193802286094922E-01   1.2071709064829707E-01
         2          9   6.7090745124927268E-03   6.0786974472620448E-01   1.4964179349374057E-01   1.1100884165680171E-01
         2         10   7.5399764220630355E-02   1.8860879516436380E-01   1.1991701199550110E-01   1.7333633772378239E-02
         2         11   0.0000000000000000E+00   1.8637823143726021E-01   1.0090512840875845E-01   7.1037061204811153E-02
         2         12   1.2651061371248736E-07   2.5365191929804487E-01   1.0108160547609585E-01   9.5879976189967048E-02
         2         13   1.6248216970398009E-03   5.0630622148634885E-01   1.1306065615269759E-01   1.0068816151495377E-01
         2         14   0.0000000000000000E+00   1.2584004519027775E-01   6.4055720408278019E-02   4.5513500668003345E-02
         2         15   1.3987904814240340E-08   1.8852596043417583E-01   7.1126171599173435E-02   6.8989807008456167E-02
         2         16   1.9327306439663277E-07   1.8067133202674415E-01   4.5718133351137183E-02   5.0836921180749034E-02
         2         17   5.1702096335548357E-11   8.6823141420234187E-02   2.3657393842500429E-02   2.6655598723352825E-02
         2         18   5.6269727054394292E-01   1.4668048252536412E+00   8.9694360099594628E-01   1.7257929565085686E-01
         2         19   1.4505495494657228E+00   1.9782359932952749E+00   1.7225004967383299E+00   9.2366050628733654E-02
         2         20   1.7088262470847951E-01   6.8861434218076756E-01   4.8264935268110681E-01   1.7912979607193966E-01
         2         21   1.5956253438388796E-01   7.3893701487645469E-01   4.6049894976221467E-01   1.8551220790214226E-01
         2         22   3.6567599579046622E-01   1.2240525218248104E+00   6.6741909858621085E-01   1.6421493860913075E-01
         2         23   1.0041217462543315E+00   1.4348651672911479E+00   1.2244028970454106E+00   8.1536450811756506E-02
         2         24   8.8625109809945465E-02   5.5224840156083144E-01   3.7112688322774590E-01   1.6869190401383777E-01
         2         25   8.6133251357236928E-02   6.0652849810606801E-01   3.5195624213498278E-01   1.7783015714654618E-01
         2         26   1.4607607924070515E-01   9.4559398600697075E-01   3.8970802499163815E-01   1.4484100586183754E-01
         2         27   4.9175477861071448E-01   7.7814674087167379E-01   6.2487529364042549E-01   5.6334437767614529E-02
         2         28   2.1179210635736190E-02   3.8005879918103053E-01   2.3600267796301427E-01   1.3747482961379420E-01
         2         29   2.2056631697529673E-02   4.4342645808189507E-01   2.2247305860470995E-01   1.5406042242595006E-01
         2         30   3.8169482664311978E-02   7.3612493517354682E-01   2.1973988325142138E-01   1.2605603254624570E-01
         2         31   1.8863249690245437E-01   3.4674475040463593E-01   2.5689345139679148E-01   2.9628413966994560E-02
         2         32   2.4935751061651900E-03   2.5163290234880475E-01   1.4319760729560377E-01   9.5570075782766467E-02
         2         33   2.9602672260946213E-03   3.2194966570449191E-01   1.3904281980796468E-01   1.1943035334153970E-01
         2         34   6.8206943843829243E-03   5.7972186006673743E-01   1.3789394950241907E-01   1.1117023386928516E-01
         2         35   1.5044680875023252E-04   1.5673716576552305E-01   8.2239125054662271E-02   5.7674603239472919E-02
         2         36   2.0060596173838459E-04   2.2520844836047993E-01   8.7728081084765541E-02   8.2934620511484258E-02
         2         37   1.0981170955015401E-04   3.5632715164440532E-01   7.9216402140188366E-02   8.3354242374154078E-02
         2         38   2.9351427871585512E-07   9.6326429188941493E-02   3.2745086724098461E-02   3.2160001023542238E-02
         2         39   3.4760816280059192E-08   1.5233825260988915E-01   3.9581071662540518E-02   4.4277960966606057E-02
         2         40   1.3691486061081592E-02   1.3134811014739103E-01   4.9349352995038585E-02   2.1170663934969258E-02
         2         41   1.3691486061081592E-02   1.3134811014739103E-01   4.9349352995038585E-02   2.1170663934969258E-02
         2         42   6.3639743039527283E-02   3.5042811503809174E-01   1.3983297144308629E-01   3.0272766976225218E-02
         2         43   6.3639743039527283E-02   3.5042811503809174E-01   1.3983297144308629E-01   3.0272766976225218E-02
         2         44   1.7125772784656327E-02   1.5965244498144604E-01   1.0260794187233301E-01   5.0910953145904318E-02
         2         45   1.7125772784656327E-02   1.5965244498144604E-01   1.0260794187233301E-01   5.0910953145904318E-02
         2         46   1.6809029480410478E-02   1.6057267863142752E-01   8.8975948386639928E-02   4.7393982983724270E-02
         2         47   1.6809029480410478E-02   1.6057267863142752E-01   8.8975948386639928E-02   4.7393982983724270E-02
         2         48   5.4028802894534808E-02   2.8772924409995315E-01   1.1431688588072293E-01   2.3367221495223762E-02
         2         49   5.4028802894534808E-02   2.8772924409995315E-01   1.1431688588072293E-01   2.3367221495223762E-02
         2         50   1.5498418624687531E-02   1.3300812193924280E-01   8.6227057041028579E-02   4.1633770537404476E-02
         2         51   1.5498418624687531E-02   1.3300812193924280E-01   8.6227057041028579E-02   4.1633770537404476E-02
         2         52   1.5068602647485862E-02   1.3532051819410715E-01   7.5890235462416092E-02   3.9594142027656237E-02
         2         53   1.5068602647485862E-02   1.3532051819410715E-01   7.5890235462416092E-02   3.9594142027656237E-02
         2         54   9.4577833668421461E-03   2.5615141661366758E-01   8.8174161510110732E-02   4.8462254031440714E-02
         2         55   9.4577833668421461E-03   2.5615141661366758E-01   8.8174161510110732E-02   4.8462254031440714E-02
         2         56   0.0000000000000000E+00   1.9610447789626881E-01   6.3450738740167240E-02   6.2450562134047045E-02
         2         57   0.0000000000000000E+00   1.9610447789626881E-01   6.3450738740167240E-02   6.2450562134047045E-02
         2         58   5.5128656501500200E-07   1.2387072862497828E-01   2.7020234714207898E-02   2.7617914920191257E-02
         2         59   5.5128656501500200E-07   1.2387072862497828E-01   2.7020234714207898E-02   2.7617914920191257E-02
         2         60   2.4622678242514035E-02   1.0082735770102115E-01   5.1250195077065547E-02   1.5139173383104299E-02
         2         61   0.0000000000000000E+00   1.1202247401679553E-01   4.9511120692802113E-02   3.6090429325574734E-02
         2         62   0.0000000000000000E+00   1.1202247401679553E-01   4.9511120692802113E-02   3.6090429325574734E-02
         2         63   3.5898203873459280E-07   1.1775196858603254E-01   4.8114923178517795E-02   3.9847104747966176E-02
         2         64   3.5898203873459280E-07   1.1775196858603254E-01   4.8114923178517795E-02   3.9847104747966176E-02
         2         65   0.0000000000000000E+00   8.0004595478748719E-02   1.7102661577432135E-02   2.7455586684992730E-02
         2         66   0.0000000000000000E+00   8.0004595478748719E-02   1.7102661577432135E-02   2.7455586684992730E-02
         2         67   1.8306530422778288E-04   2.3122257413980649E-01   1.7444519731707867E-02   1.7438884845072979E-02
         2         68   8.1094451104690088E-03   3.3592187025825954E-01   6.4257643940029183E-02   2.8059719633493890E-02
         2         69   8.1094451104690088E-03   3.3592187025825954E-01   6.4257643940029183E-02   2.8059719633493890E-02
         2         70   0.0000000000000000E+00   1.1626193394314892E-01   3.0971432426607892E-02   2.6167811054233919E-02
         2         71   0.0000000000000000E+00   1.1626193394314892E-01   3.0971432426607892E-02   2.6167811054233919E-02
         2         72   2.8300401541614383E-07   7.6403149878362622E-02   1.8871712151327883E-02   1.7398393342049689E-02
         2         73   2.8300401541614383E-07   7.6403149878362622E-02   1.8871712151327883E-02   1.7398393342049689E-02
         2         74   0.0000000000000000E+00   1.1902663777627483E-01   6.3760603516873765E-02   4.4291955945759541E-02
         2         75   0.0000000000000000E+00   1.1902663777627483E-01   6.3760603516873765E-02   4.4291955945759541E-02
         2         76   4.1743199659057698E-07   1.2925854846253748E-01   5.1615296311051537E-02   4.4610769340349077E-02
         2         77   4.1743199659057698E-07   1.2925854846253748E-01   5.1615296311051537E-02   4.4610769340349077E-02
         2         78   6.3451682076377490E-03   1.6316185591304308E-01   6.2551935216545743E-02   3.6735982532985580E-02
         2         79   6.3451682076377490E-03   1.6316185591304308E-01   6.2551935216545743E-02   3.6735982532985580E-02
         2         80   0.0000000000000000E+00   1.4710387873077740E-01   4.6848121784125396E-02   4.7486250684753463E-02
         2         81   0.0000000000000000E+00   1.4710387873077740E-01   4.6848121784125396E-02   4.7486250684753463E-02
         2         82   3.7680186612572037E-07   8.8090609095814107E-02   1.7825618919660696E-02   1.8662794880240762E-02
         2         83   3.7680186612572037E-07   8.8090609095814107E-02   1.7825618919660696E-02   1.8662794880240762E-02
         2         84   0.0000000000000000E+00   7.6279322118370019E-02   3.1969457194788678E-02   2.3898102254950572E-02
         2         85   0.0000000000000000E+00   7.6279322118370019E-02   3.1969457194788678E-02   2.3898102254950572E-02
         2         86   1.8698797471178041E-07   8.8508888351327461E-02   3.4579990464641233E-02   2.8860337151371339E-02
         2         87   1.8698797471178041E-07   8.8508888351327461E-02   3.4579990464641233E-02   2.8860337151371339E-02
         2         88   4.9968299512646161E-03   2.5073414493168739E-01   3.8635417646464200E-02   1.6407136313282292E-02
         2         89   4.9968299512646161E-03   2.5073414493168739E-01   3.8635417646464200E-02   1.6407136313282292E-02
         2         90   0.0000000000000000E+00   8.6127048333512202E-02   4.6218940018860337E-02   3.2093063224381095E-02
         2         91   0.0000000000000000E+00   8.6127048333512202E-02   4.6218940018860337E-02   3.2093063224381095E-02
         2         92   2.7652925283325234E-07   9.8090751237404128E-02   3.8080363597174940E-02   3.3739810899310940E-02
         2         93   2.7652925283325234E-07   9.8090751237404128E-02   3.8080363597174940E-02   3.3739810899310940E-02
         2         94   0.0000000000000000E+00   8.5166714367669413E-02   2.8523313220773481E-02   3.0336457052160141E-02
         2         95   0.0000000000000000E+00   8.5166714367669413E-02   2.8523313220773481E-02   3.0336457052160141E-02
         2         96   1.4512671778795935E-01   9.8225632950781838E-01   3.7451260225719579E-01   1.4451081583422218E-01
         2         97   8.6690839173474232E-01   2.7610563299604634E+00   1.5774847985250873E+00   3.0369243251978123E-01
         2         98   8.6690839173474232E-01   2.7610563299604634E+00   1.5774847985250873E+00   3.0369243251978123E-01
         2         99   1.1356797226120217E-01   1.0083781675831411E+00   4.7305650358178997E-01   2.4686084192041097E-01
         2        100   1.1356797226120217E-01   1.0083781675831411E+00   4.7305650358178997E-01   2.4686084192041097E-01
         2        101   1.7489765136456653E-01   7.8625772327193899E-01   4.1963009329423545E-01   1.5390967628600574E-01
         2        102   1.7489765136456653E-01   7.8625772327193899E-01   4.1963009329423545E-01   1.5390967628600574E-01
         2        103   1.0303625163928352E+00   1.9506737853046550E+00   1.4758889572081704E+00   1.6509318080693666E-01
         2        104   2.3635081777318720E-01   1.2576183749069181E+00   8.1505303096670945E-01   3.2103674367462998E-01
         2        105   2.3635081777318720E-01   1.2576183749069181E+00   8.1505303096670945E-01   3.2103674367462998E-01
         2        106   2.4496432959040232E-01   1.2849307509940047E+00   7.8511948170469570E-01   2.9626556820349131E-01
         2        107   2.4496432959040232E-01   1.2849307509940047E+00   7.8511948170469570E-01   2.9626556820349131E-01
         2        108   1.1924512738455378E-02   2.0546807834842726E-01   1.0416384776668802E-01   5.6828132389893302E-02
         2        109   9.0127415869337368E-02   4.5768131737236933E-01   2.2286186434465374E-01   1.1417806226446517E-01
         2        110   9.0127415869337368E-02   4.5768131737236933E-01   2.2286186434465374E-01   1.1417806226446517E-01
         2        111   1.2417480418963263E-02   2.5608271616299977E-01   9.7823880985628608E-02   7.7004775641646359E-02
         2        112   1.2202049307334425E-01   8.8507535718915709E-01   3.4175240656794281E-01   1.3592084445846189E-01
         2        113   8.3022370702079429E-01   2.7407855757394137E+00   1.5024758357582992E+00   2.6250865165761483E-01
         2        114   8.3022370702079429E-01   2.7407855757394137E+00   1.5024758357582992E+00   2.6250865165761483E-01
         2        115   9.8352906602574577E-02   8.6534616419583810E-01   4.1422027641217318E-01   1.7968605701940446E-01
         2        116   9.8352906602574577E-02   8.6534616419583810E-01   4.1422027641217318E-01   1.7968605701940446E-01
         2        117   1.6019024772255394E-01   6.2906800077778802E-01   3.5595191449739455E-01   1.0370483680690200E-01
         2        118   1.6019024772255394E-01   6.2906800077778802E-01   3.5595191449739455E-01   1.0370483680690200E-01
         2        119   9.3944181876706245E-01   1.7586973471580829E+00   1.3265590630642694E+00   1.3962186183076150E-01
         2        120   2.6707673159285095E-01   1.3127043734854262E+00   8.6998785502348475E-01   3.4492706919995364E-01
         2        121   2.6707673159285095E-01   1.3127043734854262E+00   8.6998785502348475E-01   3.4492706919995364E-01
         2        122   2.4913255470121234E-01   1.3321505157915863E+00   7.9536330206264150E-01   3.1723594777421604E-01
         2        123   2.4913255470121234E-01   1.3321505157915863E+00   7.9536330206264150E-01   3.1723594777421604E-01
         2        124   1.0206019316073244E-02   1.6036248800519370E-01   8.9363127739014017E-02   4.9944003089656304E-02
         2        125   9.4453423308317810E-02   2.4415126802488618E-01   1.6685279044269341E-01   3.1597088351700275E-02
         2        126   9.4453423308317810E-02   2.4415126802488618E-01   1.6685279044269341E-01   3.1597088351700275E-02
         2        127   7.9418107204184858E-03   1.6006873900508395E-01   8.0569403656583619E-02   4.6081430291739223E-02
         2        128   9.3325520898119435E-02   6.3332518658569004E-01   2.4624708862752215E-01   9.4403694966538068E-02
         2        129   5.7635218574510305E-01   1.8470587874104329E+00   1.0588286943801193E+00   2.1131501481055184E-01
         2        130   5.7635218574510305E-01   1.8470587874104329E+00   1.0588286943801193E+00   2.1131501481055184E-01
         2        131   8.1398892504373987E-02   7.0487697420071793E-01   3.2183674380025762E-01   1.7523349074377631E-01
         2        132   8.1398892504373987E-02   7.0487697420071793E-01   3.2183674380025762E-01   1.7523349074377631E-01
         2        133   1.1148763001879666E-01   5.4016689806057483E-01   2.8190068833852072E-01   1.0456042454095532E-01
         2        134   1.1148763001879666E-01   5.4016689806057483E-01   2.8190068833852072E-01   1.0456042454095532E-01
         2        135   6.8693552340260400E-01   1.3004431145508248E+00   9.8519399937726826E-01   1.1068010730411899E-01
         2        136   1.5156922399002207E-01   8.4238450587313929E-01   5.4234868604345898E-01   2.1494369668353644E-01
         2        137   1.5156922399002207E-01   8.4238450587313929E-01   5.4234868604345898E-01   2.1494369668353644E-01
         2        138   1.5927188116372856E-01   8.7083605858102375E-01   5.3081048177150880E-01   2.0200451723907820E-01
         2        139   1.5927188116372856E-01   8.7083605858102375E-01   5.3081048177150880E-01   2.0200451723907820E-01
         2        140   8.6749274099224855E-03   1.4328466115023358E-01   6.8844768785542479E-02   3.5929580245586089E-02
         2        141   4.9318906320123743E-02   3.4267008181869268E-01   1.5225380050454593E-01   9.3489565804017780E-02
         2        142   4.9318906320123743E-02   3.4267008181869268E-01   1.5225380050454593E-01   9.3489565804017780E-02
         2        143   9.8394605110077981E-03   2.1838770858011686E-01   7.0011051315638020E-02   6.4246064401646333E-02
         2        144   7.3118615913742288E-02   5.5132781632723382E-01   2.1348689293826884E-01   8.4597271291054349E-02
         2        145   5.3966750103115457E-01   1.8389448679299176E+00   9.8381973161333125E-01   1.7016099576424942E-01
         2        146   5.3966750103115457E-01   1.8389448679299176E+00   9.8381973161333125E-01   1.7016099576424942E-01
         2        147   6.6183826845746335E-02   5.6979722037722047E-01   2.6300051663064072E-01   1.0742583351121412E-01
         2        148   6.6183826845746335E-02   5.6979722037722047E-01   2.6300051663064072E-01   1.0742583351121412E-01
         2        149   9.3930672960260156E-02   3.7223894065258523E-01   2.1822250954167965E-01   5.2924130239346161E-02
         2        150   9.3930672960260156E-02   3.7223894065258523E-01   2.1822250954167965E-01   5.2924130239346161E-02
         2        151   5.9601482577683274E-01   1.1088103995846310E+00   8.3586410523336763E-01   8.5214718246969287E-02
         2        152   1.7911208371246168E-01   8.9936448341523756E-01   5.9728351010023462E-01   2.3882446277264030E-01
         2        153   1.7911208371246168E-01   8.9936448341523756E-01   5.9728351010023462E-01   2.3882446277264030E-01
         2        154   1.6768008140397392E-01   9.1680029640786387E-01   5.4105430212945449E-01   2.2379221055990034E-01
         2        155   1.6768008140397392E-01   9.1680029640786387E-01   5.4105430212945449E-01   2.2379221055990034E-01
         2        156   7.5488649232382824E-03   9.6736521335296130E-02   5.4044048757868536E-02   2.8836218536267780E-02
         2        157   5.5086323184231636E-02   1.4179456643275401E-01   9.6244726602585609E-02   1.6010884494275113E-02
         2        158   5.5086323184231636E-02   1.4179456643275401E-01   9.6244726602585609E-02   1.6010884494275113E-02
         2        159   5.9313319368657445E-03   9.9477290520485012E-02   5.2756573986593051E-02   2.9498364829576761E-02
         2        160   8.9190483950381070E-03   3.2734897986135741E-01   6.3042969669467014E-02   4.2265109446186090E-02
         2        161   7.8246286652508698E-02   6.1208770073051266E-01   2.5784860514581937E-01   9.8525923661510889E-02
         2        162   7.8246286652508698E-02   6.1208770073051266E-01   2.5784860514581937E-01   9.8525923661510889E-02
         2        163   4.2086979084771910E-03   3.3501917851979701E-01   1.2159898022647565E-01   1.0171061739406159E-01
         2        164   4.2086979084771910E-03   3.3501917851979701E-01   1.2159898022647565E-01   1.0171061739406159E-01
         2        165   1.1920363111690684E-02   2.2787710418670454E-01   7.6723590459159219E-02   5.2732860426840944E-02
         2        166   1.1920363111690684E-02   2.2787710418670454E-01   7.6723590459159219E-02   5.2732860426840944E-02
         2        167   1.1533710232784034E-01   3.0142561428505221E-01   1.9244737211892521E-01   3.7481145508608045E-02
         2        168   1.0525957851913480E-02   2.6301299759996188E-01   1.4115181458717918E-01   8.5594032521881649E-02
         2        169   1.0525957851913480E-02   2.6301299759996188E-01   1.4115181458717918E-01   8.5594032521881649E-02
         2        170   1.0831623356614742E-02   2.7363441834003899E-01   1.3534762176519655E-01   8.7031534940943719E-02
         2        171   1.0831623356614742E-02   2.7363441834003899E-01   1.3534762176519655E-01   8.7031534940943719E-02
         2        172   5.8110520956003182E-03   1.4097813769411480E-01   4.3572975496533890E-02   4.5071374308872730E-02
         2        173   5.8110520956003182E-03   1.4097813769411480E-01   4.3572975496533890E-02   4.5071374308872730E-02
         2        174   2.1306465017680151E-04   9.4770065912266374E-02   2.6920176822849421E-02   3.1825409922588539E-02
         2        175   7.3948491626788775E-03   3.5379157388887578E-01   5.7350052770589598E-02   4.2247135658586697E-02
         2        176   7.4022845667623904E-02   6.9297610927989939E-01   2.2314801891123598E-01   7.1920146168113180E-02
         2        177   7.4022845667623904E-02   6.9297610927989939E-01   2.2314801891123598E-01   7.1920146168113180E-02
         2        178   3.6207731407640227E-03   2.2687771741117110E-01   7.9763523107474754E-02   5.4406496551643105E-02
         2        179   3.6207731407640227E-03   2.2687771741117110E-01   7.9763523107474754E-02   5.4406496551643105E-02
         2        180   9.7874124283417342E-03   1.5588431561656607E-01   6.0284558540429592E-02   3.4673161190140404E-02
         2        181   9.7874124283417342E-03   1.5588431561656607E-01   6.0284558540429592E-02   3.4673161190140404E-02
         2        182   1.0130149565195072E-01   2.5438600499503095E-01   1.6681992068705712E-01   3.0681329046850957E-02
         2        183   1.1175420756336841E-02   2.7226326474465173E-01   1.6314907724387032E-01   9.7821071138845833E-02
         2        184   1.1175420756336841E-02   2.7226326474465173E-01   1.6314907724387032E-01   9.7821071138845833E-02
         2        185   1.2653820231117312E-02   2.9463228056104651E-01   1.4015391490494564E-01   9.5122822970628684E-02
         2        186   1.2653820231117312E-02   2.9463228056104651E-01   1.4015391490494564E-01   9.5122822970628684E-02
         2        187   5.6884531121579179E-03   1.9170734716754076E-01   4.0979150231331182E-02   2.6893909175416383E-02
         2        188   5.1086884376275413E-02   4.0656622050700458E-01   1.7656821427690272E-01   7.1192893017235442E-02
         2        189   5.1086884376275413E-02   4.0656622050700458E-01   1.7656821427690272E-01   7.1192893017235442E-02
         2        190   2.9628519971145136E-03   2.4391971954187108E-01   8.6390225749555821E-02   7.5061298876715948E-02
         2        191   2.9628519971145136E-03   2.4391971954187108E-01   8.6390225749555821E-02   7.5061298876715948E-02
         2        192   7.3712249312753624E-03   1.5826931769409183E-01   5.1238292623510116E-02   3.5186598028350356E-02
         2        193   7.3712249312753624E-03   1.5826931769409183E-01   5.1238292623510116E-02   3.5186598028350356E-02
         2        194   7.7215743430891493E-02   2.0198123230996834E-01   1.2846612105571389E-01   2.5250261434952043E-02
         2        195   6.8289895491109578E-03   1.7879580609136034E-01   9.2997376780943983E-02   5.7069000961157600E-02
         2        196   6.8289895491109578E-03   1.7879580609136034E-01   9.2997376780943983E-02   5.7069000961157600E-02
         2        197   6.7510907213566640E-03   1.9852918531330047E-01   9.4079152833719093E-02   6.1167872693081229E-02
         2        198   6.7510907213566640E-03   1.9852918531330047E-01   9.4079152833719093E-02   6.1167872693081229E-02
         2        199   3.0357641127313909E-03   1.1122406510159552E-01   3.1593207682571386E-02   3.5662121527567557E-02
         2        200   3.0357641127313909E-03   1.1122406510159552E-01   3.1593207682571386E-02   3.5662121527567557E-02
         2        201   1.6173004836787458E-04   9.0803220998255219E-02   2.0969410383451671E-02   2.7286028716300585E-02
         2        202   3.8008406138617325E-03   2.2939918893091199E-01   3.5286233332453731E-02   2.6384557137625657E-02
         2        203   4.6863443391390730E-02   4.9474118157507468E-01   1.4186762804231931E-01   4.4644829670346144E-02
         2        204   4.6863443391390730E-02   4.9474118157507468E-01   1.4186762804231931E-01   4.4644829670346144E-02
         2        205   2.3749272294013466E-03   1.3577825843324506E-01   4.4554768630554908E-02   2.8130821257531264E-02
         2        206   2.3749272294013466E-03   1.3577825843324506E-01   4.4554768630554908E-02   2.8130821257531264E-02
         2        207   5.8498126322075288E-03   8.7949102171350726E-02   3.4799260704780510E-02   1.6953978328837965E-02
         2        208   5.8498126322075288E-03   8.7949102171350726E-02   3.4799260704780510E-02   1.6953978328837965E-02
         2        209   6.3180136755002100E-02   1.5494162301994746E-01   1.0283866962384572E-01   1.8353714746763252E-02
         2        210   7.4784524535343013E-03   1.9328636445773187E-01   1.1499463943763512E-01   6.9324356948025481E-02
         2        211   7.4784524535343013E-03   1.9328636445773187E-01   1.1499463943763512E-01   6.9324356948025481E-02
         2        212   8.3857419861774422E-03   2.0938374304474819E-01   9.8885445973468267E-02   6.9534754923491385E-02
         2        213   8.3857419861774422E-03   2.0938374304474819E-01   9.8885445973468267E-02   6.9534754923491385E-02
         3          1   1.6500641610454808E-01   3.2690563900619651E-01   2.1572586465075225E-01   1.8894954123726115E-02
         3          2   1.1697827040998038E-01   2.5301056031229741E-01   1.5847186267693514E-01   1.5118857909637433E-02
         3          3   7.9692851692230071E-01   1.1662860799419512E+00   9.2796737500367987E-01   4.9408871779976375E-02
         3          4   2.0166988778295329E+00   2.3045190151605910E+00   2.1719220870649809E+00   3.1879307497946471E-02
         3          5   2.1286251095684941E-01   3.3050952926781307E-01   2.8449808996361353E-01   1.2713500892977320E-02
         3          6   5.7825126545140959E-01   8.7841849225041313E-01   6.8243968325701976E-01   4.1064963023304625E-02
         3          7   1.5314838191240820E+00   1.7686672687787610E+00   1.6700709745248561E+00   2.4182869596560592E-02
         3          8   3.0889927524253069E-01   5.0892857750963938E-01   3.7286100788744608E-01   2.6989214063313966E-02
         3          9   9.5164834580804714E-01   1.1160292042069528E+00   1.0620120508335642E+00   1.8104397484401350E-02
         3         10   1.2977824895046930E-01   2.5995568730339524E-01   1.6831803442598486E-01   1.5166268816038265E-02
         3         11   2.9312747430783964E-01   6.3439469734711551E-01   3.9252009056084797E-01   4.4417827212668279E-02
         3         12   1.7546595247003254E+00   2.6655034290600619E+00   2.0431106263777514E+00   1.1891915097384118E-01
         3         13   1.7546595247003254E+00   2.6655034290600619E+00   2.0431106263777514E+00   1.1891915097384118E-01
         3         14   2.7912273925985531E-01   4.7323870587393541E-01   3.3430339483844829E-01   2.5994448667934135E-02
         3         15   2.7912273925985531E-01   4.7323870587393541E-01   3.3430339483844829E-01   2.5994448667934135E-02
         3         16   2.4086308283919530E-01   4.0285807773317095E-01   3.1187238388957095E-01   1.6092254876350669E-02
         3         17   2.4086308283919530E-01   4.0285807773317095E-01   3.1187238388957095E-01   1.6092254876350669E-02
         3         18   2.0278689359540119E+00   2.6531576504969765E+00   2.3536831911155200E+00   6.9885408612329100E-02
         3         19   6.5373062671851923E-01   9.4040027765829104E-01   7.8185370051865266E-01   3.0544041681185560E-02
         3         20   6.5373062671851923E-01   9.4040027765829104E-01   7.8185370051865266E-01   3.0544041681185560E-02
         3         21   4.1646610825566854E-01   7.2702741343892696E-01   6.0077081312436953E-01   3.4560443026132218E-02
         3         22   4.1646610825566854E-01   7.2702741343892696E-01   6.0077081312436953E-01   3.4560443026132218E-02
         3         23   2.5490077574446079E-01   6.0005508869220425E-01   3.6529142839823880E-01   4.3444367977178079E-02
         3         24   1.7184879848879597E+00   2.6034579258397534E+00   1.9886105889458123E+00   1.2009013423908926E-01
         3         25   1.7184879848879597E+00   2.6034579258397534E+00   1.9886105889458123E+00   1.2009013423908926E-01
         3         26   2.7868009064601418E-01   4.7571903933628645E-01   3.3439609650247698E-01   2.5843854359494437E-02
         3         27   2.7868009064601418E-01   4.7571903933628645E-01   3.3439609650247698E-01   2.5843854359494437E-02
         3         28   1.6623311814547370E-01   2.9327070292237317E-01   2.1564215656073088E-01   1.4237443524617531E-02
         3         29   1.6623311814547370E-01   2.9327070292237317E-01   2.1564215656073088E-01   1.4237443524617531E-02
         3         30   1.7512448403444474E+00   2.3206894702334209E+00   2.0427796998276038E+00   6.5071535169030914E-02
         3         31   6.5855692609736483E-01   9.4286913504857772E-01   7.8201758886202022E-01   3.0468509297614986E-02
         3         32   6.5855692609736483E-01   9.4286913504857772E-01   7.8201758886202022E-01   3.0468509297614986E-02
         3         33   4.4446576286240347E-01   7.5070985348213759E-01   6.3551917063229069E-01   3.2852315201601416E-02
         3         34   4.4446576286240347E-01   7.5070985348213759E-01   6.3551917063229069E-01   3.2852315201601416E-02
         3         35   1.8753257401071186E-01   4.2535226238037249E-01   2.5231412885393745E-01   2.8955909732521337E-02
         3         36   1.1733349909895909E+00   1.8040177524453744E+00   1.3688643643299359E+00   8.0634277858229783E-02
         3         37   1.1733349909895909E+00   1.8040177524453744E+00   1.3688643643299359E+00   8.0634277858229783E-02
         3         38   1.6811160230383854E-01   2.8970317689459890E-01   2.2299364283283094E-01   1.1520239457478791E-02
         3         39   1.6811160230383854E-01   2.8970317689459890E-01   2.2299364283283094E-01   1.1520239457478791E-02
         3         40   1.3530775200240899E+00   1.7698993665376419E+00   1.5697037517702559E+00   4.6630166972776693E-02
         3         41   4.4319706158406652E-01   6.3486608093100516E-01   5.2765413135772765E-01   2.0401323637942573E-02
         3         42   4.4319706158406652E-01   6.3486608093100516E-01   5.2765413135772765E-01   2.0401323637942573E-02
         3         43   2.6727636850543041E-01   4.7640365918536698E-01   3.9069776428374675E-01   2.3757617019421983E-02
         3         44   2.6727636850543041E-01   4.7640365918536698E-01   3.9069776428374675E-01   2.3757617019421983E-02
         3         45   1.5173782634480751E-01   3.8216242550022256E-01   2.2508546669132826E-01   2.8023275400100450E-02
         3         46   1.1337980064499371E+00   1.7419722492250620E+00   1.3143643268979965E+00   8.1833516300933801E-02
         3         47   1.1337980064499371E+00   1.7419722492250620E+00   1.3143643268979965E+00   8.1833516300933801E-02
         3         48   1.0753286418162626E+00   1.4374311862740781E+00   1.2588002604823394E+00   4.1922136120168360E-02
         3         49   4.4802336096291229E-01   6.3735311513434945E-01   5.2781801970109510E-01   2.0320799298923612E-02
         3         50   4.4802336096291229E-01   6.3735311513434945E-01   5.2781801970109510E-01   2.0320799298923612E-02
         3         51   2.9527602311216528E-01   5.0038113140775298E-01   4.2544612179166807E-01   2.1983408163576405E-02
         3         52   2.9527602311216528E-01   5.0038113140775298E-01   4.2544612179166807E-01   2.1983408163576405E-02
         3         53   3.2713411276388965E-01   5.5938020559679813E-01   3.9958454597530857E-01   2.7092817051000015E-02
         3         54   3.2713411276388965E-01   5.5938020559679813E-01   3.9958454597530857E-01   2.7092817051000015E-02
         3         55   4.5175704351936163E-01   6.2227636220255134E-01   5.6338633966755935E-01   1.9003056018165383E-02
         3         56   3.1828673839107452E-01   5.4926246575465931E-01   3.9205903752206650E-01   2.7208333138939167E-02
         3         57   3.1828673839107452E-01   5.4926246575465931E-01   3.9205903752206650E-01   2.7208333138939167E-02
         3         58   3.3628147341504772E-01   4.7962634277818034E-01   4.2739295535156646E-01   1.4875311776688126E-02
         3         59   2.1972315734093964E-01   3.7608302944870881E-01   2.6673473336400150E-01   1.8409728121658045E-02
         3         60   2.1972315734093964E-01   3.7608302944870881E-01   2.6673473336400150E-01   1.8409728121658045E-02
         3         61   2.1087578296812487E-01   3.6596528960656843E-01   2.5920922491075954E-01   1.8531866823540504E-02
         3         62   2.1087578296812487E-01   3.6596528960656843E-01   2.5920922491075954E-01   1.8531866823540504E-02
         4          1   1.9811562733076823E-02   1.7826119937142906E-01   8.6564970931538532E-02   1.7084083495731595E-02
         4          2   6.3183234291837542E-01   7.3747567587094121E-01   6.8867918088055302E-01   1.1507833801347194E-02
         4          3   1.1944690381076059E-02   1.2411857237665010E-01   5.6488530225252714E-02   1.2254231232477148E-02
         4          4   5.4150721414931757E-01   6.3881323717418625E-01   5.9372110287427160E-01   1.0948178999261685E-02
         4          5   4.0915212212491220E-01   4.9829173205217181E-01   4.5486722464243146E-01   1.0361661040250674E-02
         4          6   4.7826095973772564E-01   9.0560854029914351E-01   7.1393260157061533E-01   4.4188524937333558E-02
         4          7   1.9345037138194288E+00   2.2178325962291443E+00   2.0722452739299664E+00   3.4170882301968859E-02
         4          8   2.1530770445507147E-01   3.2757419479142130E-01   2.8449808996361353E-01   1.2325299765963554E-02
         4          9   2.9229156825879504E-01   6.4837021974939191E-01   4.8446499178960867E-01   3.6976064826907296E-02
         4         10   1.4845406100407998E+00   1.6928193959914297E+00   1.5838030896074222E+00   2.5018082307681998E-02
         4         11   1.0548348307372959E-01   3.3857092279526607E-01   2.1912805265404192E-01   2.4062628378266164E-02
         4         12   9.3366973238452089E-01   1.0641540250153596E+00   1.0011287637211950E+00   1.5082670367642303E-02
         4         13   2.5779544522796023E-02   1.3873321656840565E-01   7.3933377248432477E-02   1.1911870464171281E-02
         4         14   5.7131413586669932E-01   6.7408736356022070E-01   6.2569268913584108E-01   1.1473009449217988E-02
         4         15   3.4934396933229933E-01   4.3922572528003151E-01   3.9477636488144502E-01   1.0343985871272467E-02
         4         16   6.7822732725458496E-02   1.8986921620955866E-01   1.2959762916523304E-01   1.2282490693859043E-02
         4         17   6.7822732725458496E-02   1.8986921620955866E-01   1.2959762916523304E-01   1.2282490693859043E-02
         4         18   5.6171066091889280E-02   1.5102021729601006E-01   1.0436883624953289E-01   9.5182862836525259E-03
         4         19   5.6171066091889280E-02   1.5102021729601006E-01   1.0436883624953289E-01   9.5182862836525259E-03
         4         20   1.3338891315599323E-02   1.2161215421815373E-01   5.9829100201285471E-02   1.2151313969087769E-02
         4         21   1.3338891315599323E-02   1.2161215421815373E-01   5.9829100201285471E-02   1.2151313969087769E-02
         4         22   1.2905690845771560E-02   1.2058569651517013E-01   5.9516771681982668E-02   1.2015579939013974E-02
         4         23   1.2905690845771560E-02   1.2058569651517013E-01   5.9516771681982668E-02   1.2015579939013974E-02
         4         24   1.1257495327408656E-01   3.7891672157916773E-01   2.4153624279428812E-01   2.8125491213410809E-02
         4         25   9.4186691835418013E-01   1.9635247934335205E+00   1.5013423168921058E+00   1.0510270105872875E-01
         4         26   9.4186691835418013E-01   1.9635247934335205E+00   1.5013423168921058E+00   1.0510270105872875E-01
         4         27   1.2711778832267381E-01   3.1497085342862635E-01   2.3151692884918085E-01   2.2320668700451692E-02
         4         28   1.2711778832267381E-01   3.1497085342862635E-01   2.3151692884918085E-01   2.2320668700451692E-02
         4         29   1.7060563082352109E-01   3.4253697862090382E-01   2.5701866131672185E-01   1.6134649322976476E-02
         4         30   1.7060563082352109E-01   3.4253697862090382E-01   2.5701866131672185E-01   1.6134649322976476E-02
         4         31   1.8476073263759392E+00   2.4534921243123162E+00   2.1381921575880902E+00   7.2334257045853528E-02
         4         32   4.1033246591533340E-01   6.8307663127292673E-01   5.6645889932659532E-01   3.2179885230951083E-02
         4         33   4.1033246591533340E-01   6.8307663127292673E-01   5.6645889932659532E-01   3.2179885230951083E-02
         4         34   6.4636037357871012E-01   9.0854718578435034E-01   7.4610723735202011E-01   3.1073227037759076E-02
         4         35   6.4636037357871012E-01   9.0854718578435034E-01   7.4610723735202011E-01   3.1073227037759076E-02
         4         36   9.1019727409944670E-02   3.5349521772461390E-01   2.1224670385400077E-01   2.8210594884442074E-02
         4         37   9.3191933905676816E-01   1.9107949950684460E+00   1.4587063172242090E+00   1.0112334217767170E-01
         4         38   9.3191933905676816E-01   1.9107949950684460E+00   1.4587063172242090E+00   1.0112334217767170E-01
         4         39   1.1093667734202760E-01   2.3890863425142098E-01   1.7527484080988315E-01   1.5774611625728702E-02
         4         40   1.1093667734202760E-01   2.3890863425142098E-01   1.7527484080988315E-01   1.5774611625728702E-02
         4         41   1.7055033812866938E-01   3.3686643333722538E-01   2.5685078763149938E-01   1.5873487874248599E-02
         4         42   1.7055033812866938E-01   3.3686643333722538E-01   2.5685078763149938E-01   1.5873487874248599E-02
         4         43   1.6018553807710820E+00   2.1424957231934725E+00   1.8508126028621190E+00   6.6321687401204824E-02
         4         44   4.4826333639530352E-01   7.3062645864521858E-01   6.1307205119281949E-01   3.1559826974864556E-02
         4         45   4.4826333639530352E-01   7.3062645864521858E-01   6.1307205119281949E-01   3.1559826974864556E-02
         4         46   6.4547592033741608E-01   9.0897274070066647E-01   7.4644973137409865E-01   3.0935913295552977E-02
         4         47   6.4547592033741608E-01   9.0897274070066647E-01   7.4644973137409865E-01   3.0935913295552977E-02
         4         48   7.6899958381375158E-02   2.5124991917277156E-01   1.5929153240894950E-01   1.7380216173416257E-02
         4         49   6.2899629781009991E-01   1.3192493766078996E+00   1.0086717690526947E+00   7.0792964821270621E-02
         4         50   6.2899629781009991E-01   1.3192493766078996E+00   1.0086717690526947E+00   7.0792964821270621E-02
         4         51   8.6502488319256582E-02   2.2824238768035363E-01   1.6807040645815288E-01   1.6126446023754782E-02
         4         52   8.6502488319256582E-02   2.2824238768035363E-01   1.6807040645815288E-01   1.6126446023754782E-02
         4         53   1.0876471640893887E-01   2.1827229009704155E-01   1.6441474533140318E-01   1.0995217624165478E-02
         4         54   1.0876471640893887E-01   2.1827229009704155E-01   1.6441474533140318E-01   1.0995217624165478E-02
         4         55   1.2251306942173128E+00   1.6350885748602053E+00   1.4237563897883521E+00   4.8696246211279597E-02
         4         56   2.6792597649461186E-01   4.5824178107320179E-01   3.7288166345911516E-01   2.2529776980568947E-02
         4         57   2.6792597649461186E-01   4.5824178107320179E-01   3.7288166345911516E-01   2.2529776980568947E-02
         4         58   4.2968080386407959E-01   6.0217077161833010E-01   4.9538822487549911E-01   2.0458955410967625E-02
         4         59   4.2968080386407959E-01   6.0217077161833010E-01   4.9538822487549911E-01   2.0458955410967625E-02
         4         60   5.5344732517233229E-02   2.1912691510395146E-01   1.3000199346866209E-01   1.7506319895064133E-02
         4         61   6.1904871851268839E-01   1.2665195782428240E+00   9.6603576938479796E-01   6.6893559505143405E-02
         4         62   6.1904871851268839E-01   1.2665195782428240E+00   9.6603576938479796E-01   6.6893559505143405E-02
         4         63   1.0870942371408705E-01   2.1260174481336325E-01   1.6424687164618076E-01   1.0789167108063638E-02
         4         64   1.0870942371408705E-01   2.1260174481336325E-01   1.6424687164618076E-01   1.0789167108063638E-02
         4         65   9.7937874861246088E-01   1.3240921737413569E+00   1.1363768350623811E+00   4.2679865910772816E-02
         4         66   3.0616386382080502E-01   4.9959130932591878E-01   4.1949481532533933E-01   2.1727197766482426E-02
         4         67   3.0616386382080502E-01   4.9959130932591878E-01   4.1949481532533933E-01   2.1727197766482426E-02
         4         68   4.2879635062278537E-01   6.0259632653464956E-01   4.9573071889757797E-01   2.0338287948522136E-02
         4         69   4.2879635062278537E-01   6.0259632653464956E-01   4.9573071889757797E-01   2.0338287948522136E-02
         4         70   1.0045893901741296E-01   3.4316780206486891E-01   2.2155818671367605E-01   2.5749719876797028E-02
         4         71   1.0045893901741296E-01   3.4316780206486891E-01   2.2155818671367605E-01   2.5749719876797028E-02
         4         72   4.3481635974192057E-01   5.6608928298367411E-01   5.0022565494512539E-01   1.5085146861225094E-02
         4         73   1.0021885736782123E-01   3.3687423241407505E-01   2.1743032443546448E-01   2.4873819159167202E-02
         4         74   1.0021885736782123E-01   3.3687423241407505E-01   2.1743032443546448E-01   2.4873819159167202E-02
         4         75   3.0280134294557970E-01   4.1402397118455148E-01   3.5654146089172772E-01   1.2702494865318435E-02
         4         76   6.6797849281271207E-02   2.2999664508844139E-01   1.4846560714335968E-01   1.7280199861542743E-02
         4         77   6.6797849281271207E-02   2.2999664508844139E-01   1.4846560714335968E-01   1.7280199861542743E-02
         4         78   2.8976535208723536E-01   3.7765666610527932E-01   3.3363225485313946E-01   1.0091558366763622E-02
         4         79   6.6557767631679490E-02   2.2370307543764839E-01   1.4433774486514811E-01   1.6414334811065558E-02
         4         80   6.6557767631679490E-02   2.2370307543764839E-01   1.4433774486514811E-01   1.6414334811065558E-02
